    0.00  5.8248E+06 -1.4934E-07  9.9989E-01  9.9989E-01 -9.8415E-08  9.9983E-01
    1.00  4.9819E+06 -2.2508E-04  9.9987E-01  9.9987E-01 -1.5280E-04  9.9979E-01
    2.00  3.0488E+06 -8.6359E-04  9.9978E-01  9.9978E-01 -6.5225E-04  9.9965E-01
    3.00  1.2305E+06 -1.7101E-03  9.9942E-01  9.9943E-01 -1.6958E-03  9.9911E-01
    4.00  2.7132E+05 -1.7161E-03  9.9733E-01  9.9735E-01 -4.2161E-03  9.9589E-01
    5.00  6.3423E+04 -3.4582E-03  9.8869E-01  9.8883E-01 -7.4538E-03  9.8271E-01
    6.00  1.1521E+05 -1.2780E-02  9.9400E-01  9.9401E-01 -4.9174E-03  9.9083E-01
    7.00  1.2259E+05 -1.8654E-02  9.9457E-01  9.9450E-01 -5.7150E-03  9.9165E-01
    8.00  7.3919E+04 -2.5285E-02  9.9113E-01  9.9096E-01 -4.1511E-03  9.8634E-01
    9.00  4.1578E+04 -2.9715E-02  9.8426E-01  9.8390E-01  7.2022E-03  9.7576E-01
   10.00  4.0032E+04 -3.0756E-02  9.8376E-01  9.8315E-01  1.5390E-02  9.7488E-01
   11.00  4.3521E+04 -3.5005E-02  9.8529E-01  9.8444E-01  1.4449E-02  9.7711E-01
   12.00  3.7900E+04 -3.9408E-02  9.8324E-01  9.8222E-01  1.5777E-02  9.7400E-01
   13.00  2.8227E+04 -3.9278E-02  9.7722E-01  9.7624E-01  2.2008E-02  9.6513E-01
   14.00  2.2072E+04 -3.3848E-02  9.7019E-01  9.6933E-01  2.8224E-02  9.5482E-01
   15.00  2.0290E+04 -3.1704E-02  9.6702E-01  9.6587E-01  2.7541E-02  9.4997E-01
   16.00  1.9459E+04 -3.5992E-02  9.6533E-01  9.6369E-01  2.4037E-02  9.4731E-01
   17.00  1.7301E+04 -4.0952E-02  9.6073E-01  9.5906E-01  2.2730E-02  9.4089E-01
   18.00  1.4466E+04 -4.1830E-02  9.5256E-01  9.5182E-01  2.3921E-02  9.3005E-01
   19.00  1.2440E+04 -3.9265E-02  9.4438E-01  9.4507E-01  2.6366E-02  9.1964E-01
   20.00  1.1501E+04 -3.8729E-02  9.3985E-01  9.4096E-01  2.9385E-02  9.1390E-01
   21.00  1.0946E+04 -4.1731E-02  9.3721E-01  9.3747E-01  3.1767E-02  9.1012E-01
   22.00  1.0233E+04 -4.5698E-02  9.3336E-01  9.3259E-01  3.0607E-02  9.0446E-01
   23.00  9.4140E+03 -5.0349E-02  9.2801E-01  9.2691E-01  2.4455E-02  8.9677E-01
   24.00  8.7469E+03 -5.7317E-02  9.2274E-01  9.2182E-01  1.7104E-02  8.8905E-01
   25.00  8.2395E+03 -6.5423E-02  9.1787E-01  9.1666E-01  1.4164E-02  8.8134E-01
   26.00  7.6842E+03 -7.1261E-02  9.1150E-01  9.0900E-01  1.5711E-02  8.7103E-01
   27.00  7.0407E+03 -7.4297E-02  9.0280E-01  8.9835E-01  1.7388E-02  8.5737E-01
   28.00  6.5157E+03 -7.7660E-02  8.9420E-01  8.8815E-01  1.6626E-02  8.4454E-01
   29.00  6.2213E+03 -8.3245E-02  8.8829E-01  8.8188E-01  1.5188E-02  8.3672E-01
   30.00  6.0093E+03 -8.8755E-02  8.8365E-01  8.7800E-01  1.5033E-02  8.3177E-01
   31.00  5.7207E+03 -9.2026E-02  8.7774E-01  8.7307E-01  1.4479E-02  8.2548E-01
   32.00  5.3906E+03 -9.3989E-02  8.7070E-01  8.6638E-01  1.0756E-02  8.1745E-01
   33.00  5.1299E+03 -9.6629E-02  8.6427E-01  8.5934E-01  4.4495E-03  8.0963E-01
   34.00  4.9505E+03 -1.0089E-01  8.5875E-01  8.5257E-01 -7.6509E-04  8.0218E-01
   35.00  4.7852E+03 -1.0737E-01  8.5288E-01  8.4535E-01 -3.2387E-03  7.9363E-01
   36.00  4.6027E+03 -1.1648E-01  8.4624E-01  8.3729E-01 -4.6217E-03  7.8402E-01
   37.00  4.4314E+03 -1.2661E-01  8.3999E-01  8.2910E-01 -5.8021E-03  7.7532E-01
   38.00  4.2970E+03 -1.3481E-01  8.3519E-01  8.2148E-01 -4.9311E-03  7.6864E-01
   39.00  4.1831E+03 -1.4048E-01  8.3104E-01  8.1418E-01 -1.0538E-03  7.6224E-01
   40.00  4.0656E+03 -1.4633E-01  8.2586E-01  8.0653E-01  2.7415E-03  7.5376E-01
   41.00  3.9474E+03 -1.5483E-01  8.1941E-01  7.9839E-01  2.0902E-03  7.4336E-01
   42.00  3.8388E+03 -1.6542E-01  8.1278E-01  7.9011E-01 -3.5123E-03  7.3324E-01
   43.00  3.7287E+03 -1.7556E-01  8.0634E-01  7.8174E-01 -9.7640E-03  7.2453E-01
   44.00  3.6041E+03 -1.8376E-01  7.9930E-01  7.7314E-01 -1.1948E-02  7.1641E-01
   45.00  3.4802E+03 -1.9077E-01  7.9154E-01  7.6443E-01 -9.4731E-03  7.0795E-01
   46.00  3.3839E+03 -1.9857E-01  7.8443E-01  7.5589E-01 -6.2982E-03  6.9922E-01
   47.00  3.3184E+03 -2.0811E-01  7.7930E-01  7.4756E-01 -6.6076E-03  6.9058E-01
   48.00  3.2624E+03 -2.1827E-01  7.7586E-01  7.3935E-01 -1.0229E-02  6.8220E-01
   49.00  3.1993E+03 -2.2744E-01  7.7265E-01  7.3121E-01 -1.3427E-02  6.7436E-01
   50.00  3.1292E+03 -2.3593E-01  7.6826E-01  7.2263E-01 -1.3400E-02  6.6686E-01
   51.00  3.0573E+03 -2.4512E-01  7.6208E-01  7.1240E-01 -1.1002E-02  6.5810E-01
   52.00  2.9838E+03 -2.5424E-01  7.5421E-01  6.9963E-01 -9.3485E-03  6.4628E-01
   53.00  2.9112E+03 -2.6047E-01  7.4543E-01  6.8552E-01 -1.0446E-02  6.3244E-01
   54.00  2.8524E+03 -2.6391E-01  7.3764E-01  6.7327E-01 -1.3277E-02  6.2073E-01
   55.00  2.8197E+03 -2.6948E-01  7.3294E-01  6.6504E-01 -1.4989E-02  6.1385E-01
   56.00  2.8048E+03 -2.8087E-01  7.3111E-01  6.5898E-01 -1.4184E-02  6.0897E-01
   57.00  2.7769E+03 -2.9529E-01  7.2872E-01  6.5063E-01 -1.2618E-02  6.0048E-01
   58.00  2.7107E+03 -3.0730E-01  7.2224E-01  6.3713E-01 -1.3150E-02  5.8619E-01
   59.00  2.6141E+03 -3.1522E-01  7.1181E-01  6.1949E-01 -1.6526E-02  5.6907E-01
   60.00  2.5213E+03 -3.2178E-01  7.0096E-01  6.0142E-01 -2.0594E-02  5.5366E-01
   61.00  2.4580E+03 -3.2984E-01  6.9238E-01  5.8599E-01 -2.3090E-02  5.4123E-01
   62.00  2.4209E+03 -3.3942E-01  6.8533E-01  5.7325E-01 -2.4581E-02  5.2939E-01
   63.00  2.3924E+03 -3.4885E-01  6.7862E-01  5.6140E-01 -2.6900E-02  5.1656E-01
   64.00  2.3622E+03 -3.5674E-01  6.7299E-01  5.4929E-01 -2.9703E-02  5.0398E-01
   65.00  2.3287E+03 -3.6256E-01  6.6878E-01  5.3642E-01 -3.0904E-02  4.9260E-01
   66.00  2.2902E+03 -3.6687E-01  6.6387E-01  5.2205E-01 -2.9966E-02  4.8071E-01
   67.00  2.2464E+03 -3.7123E-01  6.5624E-01  5.0593E-01 -2.8690E-02  4.6667E-01
   68.00  2.2044E+03 -3.7719E-01  6.4731E-01  4.8949E-01 -2.8647E-02  4.5206E-01
   69.00  2.1741E+03 -3.8530E-01  6.4032E-01  4.7464E-01 -2.9258E-02  4.3968E-01
   70.00  2.1580E+03 -3.9503E-01  6.3644E-01  4.6137E-01 -2.8904E-02  4.2944E-01
   71.00  2.1480E+03 -4.0560E-01  6.3377E-01  4.4778E-01 -2.7292E-02  4.1830E-01
   72.00  2.1296E+03 -4.1643E-01  6.2993E-01  4.3237E-01 -2.5910E-02  4.0390E-01
   73.00  2.0948E+03 -4.2682E-01  6.2434E-01  4.1537E-01 -2.6193E-02  3.8688E-01
   74.00  2.0497E+03 -4.3561E-01  6.1818E-01  3.9819E-01 -2.8012E-02  3.7012E-01
   75.00  2.0092E+03 -4.4219E-01  6.1300E-01  3.8219E-01 -3.0222E-02  3.5627E-01
   76.00  1.9805E+03 -4.4730E-01  6.0900E-01  3.6720E-01 -3.2019E-02  3.4494E-01
   77.00  1.9579E+03 -4.5198E-01  6.0493E-01  3.5120E-01 -3.3430E-02  3.3287E-01
   78.00  1.9332E+03 -4.5629E-01  5.9962E-01  3.3241E-01 -3.5178E-02  3.1737E-01
   79.00  1.9073E+03 -4.6053E-01  5.9338E-01  3.1133E-01 -3.7980E-02  2.9887E-01
   80.00  1.8862E+03 -4.6615E-01  5.8790E-01  2.8989E-01 -4.0920E-02  2.7968E-01
   81.00  1.8731E+03 -4.7365E-01  5.8450E-01  2.6878E-01 -4.1481E-02  2.6105E-01
   82.00  1.8648E+03 -4.8057E-01  5.8257E-01  2.4699E-01 -3.9046E-02  2.4258E-01
   83.00  1.8548E+03 -4.8383E-01  5.7989E-01  2.2466E-01 -3.6889E-02  2.2429E-01
   84.00  1.8389E+03 -4.8365E-01  5.7516E-01  2.0441E-01 -3.8369E-02  2.0789E-01
   85.00  1.8193E+03 -4.8375E-01  5.6974E-01  1.8863E-01 -4.2243E-02  1.9498E-01
   86.00  1.8027E+03 -4.8721E-01  5.6629E-01  1.7589E-01 -4.3934E-02  1.8444E-01
   87.00  1.7924E+03 -4.9253E-01  5.6539E-01  1.6191E-01 -4.1166E-02  1.7298E-01
   88.00  1.7838E+03 -4.9522E-01  5.6489E-01  1.4443E-01 -3.6421E-02  1.5870E-01
   89.00  1.7699E+03 -4.9350E-01  5.6287E-01  1.2486E-01 -3.3648E-02  1.4245E-01
   90.00  1.7506E+03 -4.9083E-01  5.5970E-01  1.0494E-01 -3.4500E-02  1.2561E-01
   91.00  1.7338E+03 -4.9187E-01  5.5649E-01  8.4412E-02 -3.8004E-02  1.0833E-01
   92.00  1.7259E+03 -4.9704E-01  5.5286E-01  6.2765E-02 -4.2211E-02  9.0485E-02
   93.00  1.7255E+03 -5.0247E-01  5.4813E-01  4.1107E-02 -4.5335E-02  7.2677E-02
   94.00  1.7266E+03 -5.0466E-01  5.4391E-01  2.0975E-02 -4.6045E-02  5.5667E-02
   95.00  1.7242E+03 -5.0316E-01  5.4283E-01  2.7352E-03 -4.3960E-02  3.9967E-02
   96.00  1.7151E+03 -4.9934E-01  5.4472E-01 -1.3811E-02 -4.0283E-02  2.6068E-02
   97.00  1.6985E+03 -4.9444E-01  5.4635E-01 -2.8458E-02 -3.7417E-02  1.4063E-02
   98.00  1.6780E+03 -4.8913E-01  5.4537E-01 -4.1416E-02 -3.7290E-02  2.9341E-03
   99.00  1.6598E+03 -4.8406E-01  5.4283E-01 -5.4857E-02 -3.9787E-02 -9.3136E-03
  100.00  1.6489E+03 -4.8019E-01  5.4121E-01 -7.2382E-02 -4.2890E-02 -2.4778E-02
  101.00  1.6466E+03 -4.7795E-01  5.4165E-01 -9.5704E-02 -4.4438E-02 -4.4451E-02
  102.00  1.6514E+03 -4.7615E-01  5.4351E-01 -1.2210E-01 -4.3534E-02 -6.6889E-02
  103.00  1.6575E+03 -4.7230E-01  5.4517E-01 -1.4651E-01 -4.0688E-02 -8.8327E-02
  104.00  1.6582E+03 -4.6491E-01  5.4488E-01 -1.6620E-01 -3.7501E-02 -1.0520E-01
  105.00  1.6525E+03 -4.5543E-01  5.4231E-01 -1.8200E-01 -3.5933E-02 -1.1651E-01
  106.00  1.6468E+03 -4.4720E-01  5.3933E-01 -1.9566E-01 -3.6517E-02 -1.2391E-01
  107.00  1.6473E+03 -4.4216E-01  5.3827E-01 -2.0844E-01 -3.7220E-02 -1.3049E-01
  108.00  1.6545E+03 -4.3908E-01  5.3952E-01 -2.2231E-01 -3.5656E-02 -1.3987E-01
  109.00  1.6649E+03 -4.3540E-01  5.4183E-01 -2.3965E-01 -3.2608E-02 -1.5437E-01
  110.00  1.6728E+03 -4.2991E-01  5.4405E-01 -2.5980E-01 -3.1606E-02 -1.7245E-01
  111.00  1.6706E+03 -4.2286E-01  5.4533E-01 -2.7786E-01 -3.4670E-02 -1.8870E-01
  112.00  1.6562E+03 -4.1447E-01  5.4488E-01 -2.8969E-01 -3.9837E-02 -1.9864E-01
  113.00  1.6399E+03 -4.0429E-01  5.4317E-01 -2.9773E-01 -4.3354E-02 -2.0408E-01
  114.00  1.6361E+03 -3.9254E-01  5.4281E-01 -3.0900E-01 -4.3618E-02 -2.1192E-01
  115.00  1.6467E+03 -3.8145E-01  5.4597E-01 -3.2584E-01 -4.2173E-02 -2.2538E-01
  116.00  1.6596E+03 -3.7396E-01  5.5123E-01 -3.4278E-01 -4.0666E-02 -2.3972E-01
  117.00  1.6656E+03 -3.7038E-01  5.5533E-01 -3.5465E-01 -3.8536E-02 -2.4944E-01
  118.00  1.6674E+03 -3.6704E-01  5.5715E-01 -3.6342E-01 -3.4832E-02 -2.5591E-01
  119.00  1.6714E+03 -3.5943E-01  5.5832E-01 -3.7471E-01 -3.0932E-02 -2.6473E-01
  120.00  1.6768E+03 -3.4701E-01  5.6029E-01 -3.9041E-01 -2.9467E-02 -2.7776E-01
  121.00  1.6784E+03 -3.3340E-01  5.6250E-01 -4.0753E-01 -3.0718E-02 -2.9142E-01
  122.00  1.6756E+03 -3.2190E-01  5.6391E-01 -4.2224E-01 -3.1990E-02 -3.0208E-01
  123.00  1.6735E+03 -3.1232E-01  5.6475E-01 -4.3283E-01 -3.1017E-02 -3.0947E-01
  124.00  1.6755E+03 -3.0216E-01  5.6600E-01 -4.3996E-01 -2.8835E-02 -3.1533E-01
  125.00  1.6796E+03 -2.9002E-01  5.6824E-01 -4.4625E-01 -2.8314E-02 -3.2144E-01
  126.00  1.6821E+03 -2.7724E-01  5.7120E-01 -4.5489E-01 -3.0297E-02 -3.2913E-01
  127.00  1.6824E+03 -2.6606E-01  5.7383E-01 -4.6694E-01 -3.2531E-02 -3.3878E-01
  128.00  1.6804E+03 -2.5686E-01  5.7468E-01 -4.8008E-01 -3.2840E-02 -3.4901E-01
  129.00  1.6763E+03 -2.4796E-01  5.7340E-01 -4.9091E-01 -3.2219E-02 -3.5738E-01
  130.00  1.6732E+03 -2.3865E-01  5.7202E-01 -4.9849E-01 -3.3218E-02 -3.6266E-01
  131.00  1.6769E+03 -2.3065E-01  5.7351E-01 -5.0502E-01 -3.5797E-02 -3.6612E-01
  132.00  1.6901E+03 -2.2489E-01  5.7865E-01 -5.1306E-01 -3.7024E-02 -3.7051E-01
  133.00  1.7096E+03 -2.1852E-01  5.8521E-01 -5.2304E-01 -3.5297E-02 -3.7748E-01
  134.00  1.7294E+03 -2.0789E-01  5.9058E-01 -5.3351E-01 -3.2590E-02 -3.8622E-01
  135.00  1.7450E+03 -1.9385E-01  5.9411E-01 -5.4281E-01 -3.1588E-02 -3.9477E-01
  136.00  1.7543E+03 -1.8112E-01  5.9691E-01 -5.4985E-01 -3.2247E-02 -4.0214E-01
  137.00  1.7579E+03 -1.7260E-01  6.0028E-01 -5.5427E-01 -3.2274E-02 -4.0847E-01
  138.00  1.7606E+03 -1.6646E-01  6.0485E-01 -5.5658E-01 -3.0272E-02 -4.1364E-01
  139.00  1.7694E+03 -1.5916E-01  6.1034E-01 -5.5838E-01 -2.7538E-02 -4.1705E-01
  140.00  1.7874E+03 -1.4923E-01  6.1544E-01 -5.6170E-01 -2.6541E-02 -4.1895E-01
  141.00  1.8093E+03 -1.3805E-01  6.1854E-01 -5.6789E-01 -2.7969E-02 -4.2105E-01
  142.00  1.8260E+03 -1.2838E-01  6.1960E-01 -5.7661E-01 -3.0055E-02 -4.2523E-01
  143.00  1.8340E+03 -1.2211E-01  6.2042E-01 -5.8543E-01 -3.1052E-02 -4.3156E-01
  144.00  1.8393E+03 -1.1855E-01  6.2245E-01 -5.9083E-01 -3.1250E-02 -4.3760E-01
  145.00  1.8495E+03 -1.1517E-01  6.2485E-01 -5.9141E-01 -3.1551E-02 -4.4039E-01
  146.00  1.8651E+03 -1.0999E-01  6.2599E-01 -5.9028E-01 -3.1210E-02 -4.4008E-01
  147.00  1.8797E+03 -1.0203E-01  6.2636E-01 -5.9256E-01 -2.8891E-02 -4.4044E-01
  148.00  1.8876E+03 -9.0648E-02  6.2827E-01 -6.0020E-01 -2.4839E-02 -4.4467E-01
  149.00  1.8895E+03 -7.6888E-02  6.3273E-01 -6.1033E-01 -2.0089E-02 -4.5159E-01
  150.00  1.8924E+03 -6.4219E-02  6.3808E-01 -6.1837E-01 -1.5214E-02 -4.5706E-01
  151.00  1.9043E+03 -5.5353E-02  6.4210E-01 -6.2262E-01 -1.1611E-02 -4.5923E-01
  152.00  1.9281E+03 -4.9233E-02  6.4474E-01 -6.2606E-01 -1.1471E-02 -4.6130E-01
  153.00  1.9573E+03 -4.3420E-02  6.4771E-01 -6.3291E-01 -1.4284E-02 -4.6764E-01
  154.00  1.9785E+03 -3.7638E-02  6.5173E-01 -6.4297E-01 -1.6396E-02 -4.7768E-01
  155.00  1.9809E+03 -3.2577E-02  6.5536E-01 -6.5048E-01 -1.5889E-02 -4.8544E-01
  156.00  1.9666E+03 -2.7008E-02  6.5693E-01 -6.4959E-01 -1.5010E-02 -4.8558E-01
  157.00  1.9512E+03 -1.9127E-02  6.5686E-01 -6.4101E-01 -1.6479E-02 -4.7919E-01
  158.00  1.9518E+03 -1.0740E-02  6.5779E-01 -6.3256E-01 -2.0028E-02 -4.7346E-01
  159.00  1.9743E+03 -6.6373E-03  6.6208E-01 -6.3252E-01 -2.3959E-02 -4.7534E-01
  160.00  2.0114E+03 -7.7405E-03  6.6906E-01 -6.4226E-01 -2.7039E-02 -4.8543E-01
  161.00  2.0496E+03 -8.1391E-03  6.7504E-01 -6.5540E-01 -2.7186E-02 -4.9720E-01
  162.00  2.0782E+03 -1.9443E-03  6.7670E-01 -6.6355E-01 -2.1864E-02 -5.0213E-01
  163.00  2.0959E+03  8.6598E-03  6.7467E-01 -6.6361E-01 -1.2029E-02 -4.9773E-01
  164.00  2.1122E+03  1.5264E-02  6.7354E-01 -6.6023E-01 -3.6545E-03 -4.9091E-01
  165.00  2.1398E+03  1.3831E-02  6.7731E-01 -6.6047E-01 -3.0273E-03 -4.9134E-01
  166.00  2.1827E+03  1.0571E-02  6.8525E-01 -6.6633E-01 -1.0198E-02 -5.0069E-01
  167.00  2.2278E+03  1.4208E-02  6.9264E-01 -6.7348E-01 -1.8042E-02 -5.1079E-01
  168.00  2.2553E+03  2.5199E-02  6.9499E-01 -6.7710E-01 -1.8475E-02 -5.1256E-01
  169.00  2.2657E+03  3.6433E-02  6.9184E-01 -6.7736E-01 -1.0092E-02 -5.0559E-01
  170.00  2.2923E+03  4.2727E-02  6.8847E-01 -6.7926E-01 -4.9060E-04 -4.9972E-01
  171.00  2.3637E+03  4.6557E-02  6.9163E-01 -6.8583E-01  1.4716E-03 -5.0422E-01
  172.00  2.4582E+03  5.2623E-02  7.0018E-01 -6.9218E-01 -2.9030E-03 -5.1364E-01
  173.00  2.5229E+03  6.0055E-02  7.0541E-01 -6.9138E-01 -4.3260E-03 -5.1328E-01
  174.00  2.5466E+03  6.3234E-02  7.0218E-01 -6.8460E-01  2.7078E-03 -4.9785E-01
  175.00  2.5827E+03  5.7473E-02  6.9604E-01 -6.8158E-01  1.4353E-02 -4.7826E-01
  176.00  2.6845E+03  4.3609E-02  6.9631E-01 -6.8888E-01  2.1717E-02 -4.6663E-01
  177.00  2.8419E+03  2.7054E-02  7.0279E-01 -7.0062E-01  2.0149E-02 -4.5860E-01
  178.00  2.9969E+03  1.2750E-02  7.0783E-01 -7.0755E-01  1.2179E-02 -4.4351E-01
  179.00  3.1001E+03  3.3010E-03  7.0825E-01 -7.0824E-01  3.6281E-03 -4.2416E-01
  180.00  3.1349E+03  8.2820E-14  7.0748E-01 -7.0748E-01  9.5295E-14 -4.1497E-01
 diffuse scattering matrix 
   theta     11          12          22          33          34          44     
    0.00  2.2540E+04 -5.3201E-06  9.7121E-01  9.7121E-01  3.2873E-06  9.5572E-01
    1.00  3.5062E+04 -4.4828E-03  9.8130E-01  9.8130E-01  2.5983E-03  9.7123E-01
    2.00  5.3387E+04 -7.1838E-03  9.8735E-01  9.8738E-01  3.3184E-03  9.8053E-01
    3.00  5.4317E+04 -5.6289E-03  9.8709E-01  9.8719E-01  1.0281E-03  9.8016E-01
    4.00  4.7028E+04 -2.3876E-04  9.8476E-01  9.8494E-01 -2.9607E-03  9.7662E-01
    5.00  4.6954E+04  1.0383E-03  9.8491E-01  9.8511E-01 -4.8907E-03  9.7695E-01
    6.00  4.7767E+04 -5.1341E-03  9.8574E-01  9.8593E-01 -4.8433E-03  9.7836E-01
    7.00  4.0717E+04 -1.3399E-02  9.8394E-01  9.8415E-01 -3.5721E-03  9.7576E-01
    8.00  3.2195E+04 -1.9932E-02  9.8004E-01  9.8021E-01  2.5649E-03  9.6987E-01
    9.00  2.9046E+04 -2.3306E-02  9.7784E-01  9.7777E-01  1.1723E-02  9.6636E-01
   10.00  2.8264E+04 -2.6713E-02  9.7729E-01  9.7682E-01  1.5629E-02  9.6529E-01
   11.00  2.6116E+04 -3.0453E-02  9.7578E-01  9.7499E-01  1.5727E-02  9.6294E-01
   12.00  2.3130E+04 -3.2101E-02  9.7292E-01  9.7210E-01  1.7629E-02  9.5887E-01
   13.00  2.0287E+04 -3.1105E-02  9.6883E-01  9.6821E-01  2.2721E-02  9.5308E-01
   14.00  1.8059E+04 -2.9231E-02  9.6416E-01  9.6358E-01  2.6346E-02  9.4622E-01
   15.00  1.6989E+04 -2.9890E-02  9.6116E-01  9.6015E-01  2.4590E-02  9.4151E-01
   16.00  1.6368E+04 -3.4689E-02  9.5927E-01  9.5773E-01  2.0823E-02  9.3857E-01
   17.00  1.4926E+04 -4.0019E-02  9.5497E-01  9.5348E-01  1.9507E-02  9.3271E-01
   18.00  1.2921E+04 -4.1215E-02  9.4747E-01  9.4700E-01  2.0966E-02  9.2296E-01
   19.00  1.1499E+04 -3.8896E-02  9.4057E-01  9.4148E-01  2.3814E-02  9.1439E-01
   20.00  1.0852E+04 -3.9104E-02  9.3715E-01  9.3829E-01  2.7478E-02  9.1013E-01
   21.00  1.0346E+04 -4.2960E-02  9.3459E-01  9.3469E-01  3.0810E-02  9.0638E-01
   22.00  9.6404E+03 -4.7097E-02  9.3037E-01  9.2934E-01  3.0300E-02  9.0017E-01
   23.00  8.9213E+03 -5.1242E-02  9.2511E-01  9.2385E-01  2.4041E-02  8.9273E-01
   24.00  8.4010E+03 -5.7657E-02  9.2054E-01  9.1966E-01  1.6609E-02  8.8611E-01
   25.00  7.9820E+03 -6.5203E-02  9.1610E-01  9.1517E-01  1.4076E-02  8.7912E-01
   26.00  7.4501E+03 -7.0358E-02  9.0960E-01  9.0761E-01  1.5855E-02  8.6874E-01
   27.00  6.8300E+03 -7.3239E-02  9.0076E-01  8.9701E-01  1.7244E-02  8.5498E-01
   28.00  6.3464E+03 -7.7693E-02  8.9246E-01  8.8705E-01  1.6212E-02  8.4247E-01
   29.00  6.0784E+03 -8.4728E-02  8.8684E-01  8.8078E-01  1.5010E-02  8.3477E-01
   30.00  5.8692E+03 -9.0606E-02  8.8211E-01  8.7658E-01  1.5141E-02  8.2944E-01
   31.00  5.5851E+03 -9.3175E-02  8.7604E-01  8.7152E-01  1.4400E-02  8.2287E-01
   32.00  5.2749E+03 -9.4266E-02  8.6919E-01  8.6520E-01  1.0137E-02  8.1524E-01
   33.00  5.0391E+03 -9.6433E-02  8.6329E-01  8.5878E-01  3.4431E-03  8.0832E-01
   34.00  4.8779E+03 -1.0065E-01  8.5826E-01  8.5245E-01 -1.7020E-03  8.0169E-01
   35.00  4.7230E+03 -1.0740E-01  8.5268E-01  8.4533E-01 -3.7495E-03  7.9355E-01
   36.00  4.5442E+03 -1.1681E-01  8.4609E-01  8.3712E-01 -4.7232E-03  7.8396E-01
   37.00  4.3695E+03 -1.2696E-01  8.3961E-01  8.2860E-01 -5.9428E-03  7.7494E-01
   38.00  4.2304E+03 -1.3494E-01  8.3451E-01  8.2073E-01 -5.5762E-03  7.6788E-01
   39.00  4.1218E+03 -1.4049E-01  8.3047E-01  8.1362E-01 -2.1244E-03  7.6158E-01
   40.00  4.0189E+03 -1.4644E-01  8.2590E-01  8.0654E-01  1.7968E-03  7.5376E-01
   41.00  3.9114E+03 -1.5511E-01  8.1992E-01  7.9886E-01  1.7854E-03  7.4396E-01
   42.00  3.8014E+03 -1.6582E-01  8.1314E-01  7.9048E-01 -3.0651E-03  7.3373E-01
   43.00  3.6845E+03 -1.7599E-01  8.0615E-01  7.8167E-01 -8.8493E-03  7.2439E-01
   44.00  3.5577E+03 -1.8408E-01  7.9876E-01  7.7276E-01 -1.0984E-02  7.1574E-01
   45.00  3.4374E+03 -1.9083E-01  7.9107E-01  7.6407E-01 -8.8271E-03  7.0725E-01
   46.00  3.3458E+03 -1.9821E-01  7.8427E-01  7.5575E-01 -6.0826E-03  6.9888E-01
   47.00  3.2827E+03 -2.0729E-01  7.7938E-01  7.4766E-01 -6.5854E-03  6.9066E-01
   48.00  3.2271E+03 -2.1724E-01  7.7599E-01  7.3958E-01 -1.0137E-02  6.8248E-01
   49.00  3.1635E+03 -2.2677E-01  7.7270E-01  7.3143E-01 -1.3292E-02  6.7457E-01
   50.00  3.0938E+03 -2.3607E-01  7.6828E-01  7.2279E-01 -1.3397E-02  6.6702E-01
   51.00  3.0242E+03 -2.4596E-01  7.6226E-01  7.1255E-01 -1.1147E-02  6.5844E-01
   52.00  2.9535E+03 -2.5523E-01  7.5461E-01  6.9981E-01 -9.5099E-03  6.4695E-01
   53.00  2.8819E+03 -2.6110E-01  7.4589E-01  6.8573E-01 -1.0530E-02  6.3331E-01
   54.00  2.8225E+03 -2.6403E-01  7.3789E-01  6.7361E-01 -1.3248E-02  6.2166E-01
   55.00  2.7897E+03 -2.6927E-01  7.3299E-01  6.6571E-01 -1.4746E-02  6.1492E-01
   56.00  2.7760E+03 -2.8057E-01  7.3114E-01  6.5998E-01 -1.3562E-02  6.1024E-01
   57.00  2.7488E+03 -2.9505E-01  7.2877E-01  6.5159E-01 -1.1605E-02  6.0165E-01
   58.00  2.6810E+03 -3.0715E-01  7.2210E-01  6.3755E-01 -1.2040E-02  5.8665E-01
   59.00  2.5816E+03 -3.1505E-01  7.1126E-01  6.1916E-01 -1.5804E-02  5.6850E-01
   60.00  2.4879E+03 -3.2137E-01  7.0015E-01  6.0073E-01 -2.0509E-02  5.5261E-01
   61.00  2.4259E+03 -3.2918E-01  6.9170E-01  5.8557E-01 -2.3348E-02  5.4062E-01
   62.00  2.3902E+03 -3.3867E-01  6.8493E-01  5.7327E-01 -2.4649E-02  5.2951E-01
   63.00  2.3621E+03 -3.4816E-01  6.7831E-01  5.6163E-01 -2.6520E-02  5.1700E-01
   64.00  2.3326E+03 -3.5609E-01  6.7262E-01  5.4956E-01 -2.9053E-02  5.0440E-01
   65.00  2.3007E+03 -3.6191E-01  6.6845E-01  5.3679E-01 -3.0363E-02  4.9294E-01
   66.00  2.2642E+03 -3.6631E-01  6.6364E-01  5.2250E-01 -2.9737E-02  4.8095E-01
   67.00  2.2224E+03 -3.7093E-01  6.5610E-01  5.0630E-01 -2.8614E-02  4.6675E-01
   68.00  2.1823E+03 -3.7717E-01  6.4720E-01  4.8970E-01 -2.8425E-02  4.5203E-01
   69.00  2.1533E+03 -3.8540E-01  6.4024E-01  4.7480E-01 -2.8820E-02  4.3972E-01
   70.00  2.1374E+03 -3.9510E-01  6.3631E-01  4.6152E-01 -2.8389E-02  4.2957E-01
   71.00  2.1258E+03 -4.0556E-01  6.3340E-01  4.4770E-01 -2.6733E-02  4.1825E-01
   72.00  2.1050E+03 -4.1623E-01  6.2921E-01  4.3184E-01 -2.5243E-02  4.0337E-01
   73.00  2.0693E+03 -4.2647E-01  6.2348E-01  4.1454E-01 -2.5533E-02  3.8598E-01
   74.00  2.0260E+03 -4.3538E-01  6.1770E-01  3.9751E-01 -2.7541E-02  3.6941E-01
   75.00  1.9885E+03 -4.4236E-01  6.1319E-01  3.8175E-01 -2.9845E-02  3.5612E-01
   76.00  1.9615E+03 -4.4779E-01  6.0966E-01  3.6662E-01 -3.1468E-02  3.4517E-01
   77.00  1.9384E+03 -4.5230E-01  6.0555E-01  3.5027E-01 -3.2666E-02  3.3311E-01
   78.00  1.9128E+03 -4.5606E-01  5.9979E-01  3.3141E-01 -3.4417E-02  3.1750E-01
   79.00  1.8865E+03 -4.5984E-01  5.9301E-01  3.1060E-01 -3.7413E-02  2.9888E-01
   80.00  1.8656E+03 -4.6541E-01  5.8716E-01  2.8936E-01 -4.0628E-02  2.7943E-01
   81.00  1.8527E+03 -4.7316E-01  5.8375E-01  2.6810E-01 -4.1510E-02  2.6045E-01
   82.00  1.8447E+03 -4.8043E-01  5.8210E-01  2.4609E-01 -3.9362E-02  2.4186E-01
   83.00  1.8353E+03 -4.8402E-01  5.7980E-01  2.2377E-01 -3.7343E-02  2.2380E-01
   84.00  1.8206E+03 -4.8406E-01  5.7533E-01  2.0377E-01 -3.8852E-02  2.0775E-01
   85.00  1.8020E+03 -4.8412E-01  5.6994E-01  1.8829E-01 -4.2810E-02  1.9501E-01
   86.00  1.7855E+03 -4.8722E-01  5.6631E-01  1.7585E-01 -4.4696E-02  1.8451E-01
   87.00  1.7746E+03 -4.9218E-01  5.6524E-01  1.6223E-01 -4.2100E-02  1.7320E-01
   88.00  1.7655E+03 -4.9487E-01  5.6484E-01  1.4501E-01 -3.7316E-02  1.5907E-01
   89.00  1.7515E+03 -4.9351E-01  5.6316E-01  1.2544E-01 -3.4234E-02  1.4270E-01
   90.00  1.7328E+03 -4.9124E-01  5.6041E-01  1.0536E-01 -3.4603E-02  1.2550E-01
   91.00  1.7165E+03 -4.9245E-01  5.5745E-01  8.4734E-02 -3.7665E-02  1.0798E-01
   92.00  1.7087E+03 -4.9754E-01  5.5380E-01  6.3086E-02 -4.1697E-02  9.0222E-02
   93.00  1.7082E+03 -5.0286E-01  5.4884E-01  4.1504E-02 -4.4914E-02  7.2732E-02
   94.00  1.7096E+03 -5.0514E-01  5.4435E-01  2.1464E-02 -4.5682E-02  5.6033E-02
   95.00  1.7077E+03 -5.0384E-01  5.4311E-01  3.2077E-03 -4.3351E-02  4.0412E-02
   96.00  1.6987E+03 -4.9996E-01  5.4491E-01 -1.3473E-02 -3.9282E-02  2.6377E-02
   97.00  1.6817E+03 -4.9463E-01  5.4644E-01 -2.8154E-02 -3.6289E-02  1.4268E-02
   98.00  1.6603E+03 -4.8882E-01  5.4542E-01 -4.0935E-02 -3.6467E-02  3.1807E-03
   99.00  1.6416E+03 -4.8361E-01  5.4301E-01 -5.4180E-02 -3.9475E-02 -9.0254E-03
  100.00  1.6313E+03 -4.8004E-01  5.4167E-01 -7.1677E-02 -4.2938E-02 -2.4536E-02
  101.00  1.6305E+03 -4.7832E-01  5.4230E-01 -9.5119E-02 -4.4503E-02 -4.4280E-02
  102.00  1.6361E+03 -4.7691E-01  5.4410E-01 -1.2170E-01 -4.3430E-02 -6.6794E-02
  103.00  1.6421E+03 -4.7323E-01  5.4565E-01 -1.4632E-01 -4.0574E-02 -8.8356E-02
  104.00  1.6422E+03 -4.6588E-01  5.4543E-01 -1.6618E-01 -3.7634E-02 -1.0540E-01
  105.00  1.6359E+03 -4.5631E-01  5.4294E-01 -1.8209E-01 -3.6299E-02 -1.1690E-01
  106.00  1.6295E+03 -4.4771E-01  5.3971E-01 -1.9585E-01 -3.6833E-02 -1.2440E-01
  107.00  1.6292E+03 -4.4202E-01  5.3812E-01 -2.0864E-01 -3.7241E-02 -1.3090E-01
  108.00  1.6362E+03 -4.3835E-01  5.3898E-01 -2.2243E-01 -3.5376E-02 -1.4006E-01
  109.00  1.6472E+03 -4.3450E-01  5.4126E-01 -2.3976E-01 -3.2176E-02 -1.5441E-01
  110.00  1.6557E+03 -4.2932E-01  5.4365E-01 -2.6000E-01 -3.1123E-02 -1.7252E-01
  111.00  1.6537E+03 -4.2281E-01  5.4502E-01 -2.7802E-01 -3.4060E-02 -1.8885E-01
  112.00  1.6387E+03 -4.1475E-01  5.4448E-01 -2.8953E-01 -3.8979E-02 -1.9869E-01
  113.00  1.6215E+03 -4.0451E-01  5.4263E-01 -2.9717E-01 -4.2348E-02 -2.0391E-01
  114.00  1.6174E+03 -3.9251E-01  5.4228E-01 -3.0831E-01 -4.2828E-02 -2.1167E-01
  115.00  1.6284E+03 -3.8132E-01  5.4562E-01 -3.2536E-01 -4.1915E-02 -2.2534E-01
  116.00  1.6424E+03 -3.7398E-01  5.5108E-01 -3.4254E-01 -4.0929E-02 -2.3992E-01
  117.00  1.6490E+03 -3.7063E-01  5.5532E-01 -3.5444E-01 -3.9101E-02 -2.4959E-01
  118.00  1.6506E+03 -3.6746E-01  5.5725E-01 -3.6298E-01 -3.5561E-02 -2.5566E-01
  119.00  1.6539E+03 -3.5997E-01  5.5856E-01 -3.7403E-01 -3.1792E-02 -2.6406E-01
  120.00  1.6589E+03 -3.4762E-01  5.6061E-01 -3.8985E-01 -3.0306E-02 -2.7704E-01
  121.00  1.6610E+03 -3.3392E-01  5.6267E-01 -4.0735E-01 -3.1216E-02 -2.9094E-01
  122.00  1.6587E+03 -3.2207E-01  5.6363E-01 -4.2226E-01 -3.1973E-02 -3.0162E-01
  123.00  1.6559E+03 -3.1206E-01  5.6396E-01 -4.3263E-01 -3.0687E-02 -3.0862E-01
  124.00  1.6568E+03 -3.0170E-01  5.6501E-01 -4.3940E-01 -2.8494E-02 -3.1408E-01
  125.00  1.6604E+03 -2.8975E-01  5.6753E-01 -4.4562E-01 -2.7979E-02 -3.2023E-01
  126.00  1.6638E+03 -2.7734E-01  5.7108E-01 -4.5451E-01 -2.9763E-02 -3.2843E-01
  127.00  1.6653E+03 -2.6634E-01  5.7422E-01 -4.6691E-01 -3.1710E-02 -3.3872E-01
  128.00  1.6638E+03 -2.5689E-01  5.7519E-01 -4.8027E-01 -3.1918E-02 -3.4933E-01
  129.00  1.6595E+03 -2.4760E-01  5.7372E-01 -4.9106E-01 -3.1535E-02 -3.5761E-01
  130.00  1.6562E+03 -2.3810E-01  5.7217E-01 -4.9847E-01 -3.3043E-02 -3.6250E-01
  131.00  1.6601E+03 -2.3010E-01  5.7372E-01 -5.0492E-01 -3.6128E-02 -3.6572E-01
  132.00  1.6735E+03 -2.2434E-01  5.7899E-01 -5.1310E-01 -3.7603E-02 -3.7022E-01
  133.00  1.6926E+03 -2.1799E-01  5.8557E-01 -5.2331E-01 -3.5934E-02 -3.7755E-01
  134.00  1.7115E+03 -2.0758E-01  5.9085E-01 -5.3391E-01 -3.3381E-02 -3.8662E-01
  135.00  1.7262E+03 -1.9392E-01  5.9424E-01 -5.4310E-01 -3.2645E-02 -3.9523E-01
  136.00  1.7346E+03 -1.8148E-01  5.9681E-01 -5.4985E-01 -3.3272E-02 -4.0233E-01
  137.00  1.7371E+03 -1.7295E-01  5.9991E-01 -5.5384E-01 -3.2658E-02 -4.0823E-01
  138.00  1.7388E+03 -1.6653E-01  6.0436E-01 -5.5573E-01 -2.9773E-02 -4.1306E-01
  139.00  1.7471E+03 -1.5895E-01  6.1004E-01 -5.5721E-01 -2.6676E-02 -4.1632E-01
  140.00  1.7657E+03 -1.4904E-01  6.1551E-01 -5.6042E-01 -2.6065E-02 -4.1826E-01
  141.00  1.7888E+03 -1.3820E-01  6.1890E-01 -5.6670E-01 -2.8051E-02 -4.2048E-01
  142.00  1.8059E+03 -1.2882E-01  6.1984E-01 -5.7566E-01 -3.0290E-02 -4.2472E-01
  143.00  1.8134E+03 -1.2252E-01  6.2009E-01 -5.8480E-01 -3.1097E-02 -4.3102E-01
  144.00  1.8184E+03 -1.1871E-01  6.2153E-01 -5.9063E-01 -3.1152E-02 -4.3713E-01
  145.00  1.8296E+03 -1.1516E-01  6.2389E-01 -5.9171E-01 -3.1516E-02 -4.4035E-01
  146.00  1.8475E+03 -1.0993E-01  6.2564E-01 -5.9103E-01 -3.1322E-02 -4.4074E-01
  147.00  1.8640E+03 -1.0190E-01  6.2673E-01 -5.9344E-01 -2.9149E-02 -4.4161E-01
  148.00  1.8721E+03 -9.0358E-02  6.2889E-01 -6.0075E-01 -2.5238E-02 -4.4566E-01
  149.00  1.8723E+03 -7.6418E-02  6.3302E-01 -6.1027E-01 -2.0497E-02 -4.5172E-01
  150.00  1.8725E+03 -6.3649E-02  6.3774E-01 -6.1778E-01 -1.5317E-02 -4.5612E-01
  151.00  1.8819E+03 -5.4893E-02  6.4123E-01 -6.2181E-01 -1.1190E-02 -4.5752E-01
  152.00  1.9051E+03 -4.9232E-02  6.4382E-01 -6.2535E-01 -1.0758E-02 -4.5947E-01
  153.00  1.9363E+03 -4.4140E-02  6.4722E-01 -6.3252E-01 -1.3878E-02 -4.6643E-01
  154.00  1.9606E+03 -3.9008E-02  6.5171E-01 -6.4296E-01 -1.6717E-02 -4.7740E-01
  155.00  1.9644E+03 -3.4254E-02  6.5545E-01 -6.5071E-01 -1.6734E-02 -4.8582E-01
  156.00  1.9483E+03 -2.8679E-02  6.5679E-01 -6.4983E-01 -1.5633E-02 -4.8612E-01
  157.00  1.9289E+03 -2.0625E-02  6.5646E-01 -6.4100E-01 -1.6231E-02 -4.7953E-01
  158.00  1.9254E+03 -1.1909E-02  6.5722E-01 -6.3218E-01 -1.8963E-02 -4.7340E-01
  159.00  1.9459E+03 -7.3536E-03  6.6146E-01 -6.3186E-01 -2.2668E-02 -4.7498E-01
  160.00  1.9837E+03 -8.0321E-03  6.6855E-01 -6.4163E-01 -2.6048E-02 -4.8516E-01
  161.00  2.0239E+03 -8.1677E-03  6.7470E-01 -6.5501E-01 -2.6790E-02 -4.9726E-01
  162.00  2.0545E+03 -1.9436E-03  6.7647E-01 -6.6342E-01 -2.2294E-02 -5.0238E-01
  163.00  2.0746E+03  8.5261E-03  6.7468E-01 -6.6367E-01 -1.3301E-02 -4.9801E-01
  164.00  2.0937E+03  1.5156E-02  6.7405E-01 -6.6044E-01 -5.2785E-03 -4.9136E-01
  165.00  2.1234E+03  1.4209E-02  6.7834E-01 -6.6081E-01 -4.2475E-03 -4.9216E-01
  166.00  2.1668E+03  1.1652E-02  6.8645E-01 -6.6664E-01 -1.0649E-02 -5.0179E-01
  167.00  2.2118E+03  1.5659E-02  6.9366E-01 -6.7354E-01 -1.7923E-02 -5.1177E-01
  168.00  2.2390E+03  2.6541E-02  6.9567E-01 -6.7680E-01 -1.8064E-02 -5.1305E-01
  169.00  2.2487E+03  3.7448E-02  6.9217E-01 -6.7683E-01 -9.4172E-03 -5.0552E-01
  170.00  2.2743E+03  4.3442E-02  6.8855E-01 -6.7880E-01  3.3546E-04 -4.9939E-01
  171.00  2.3444E+03  4.7140E-02  6.9161E-01 -6.8551E-01  1.8236E-03 -5.0391E-01
  172.00  2.4358E+03  5.3311E-02  7.0007E-01 -6.9167E-01 -3.7078E-03 -5.1312E-01
  173.00  2.4953E+03  6.0999E-02  7.0511E-01 -6.9035E-01 -6.2370E-03 -5.1218E-01
  174.00  2.5157E+03  6.4365E-02  7.0187E-01 -6.8328E-01  4.2670E-04 -4.9651E-01
  175.00  2.5547E+03  5.8541E-02  6.9627E-01 -6.8091E-01  1.2332E-02 -4.7791E-01
  176.00  2.6639E+03  4.4426E-02  6.9746E-01 -6.8951E-01  2.0111E-02 -4.6816E-01
  177.00  2.8279E+03  2.7585E-02  7.0448E-01 -7.0211E-01  1.9049E-02 -4.6133E-01
  178.00  2.9855E+03  1.3015E-02  7.0938E-01 -7.0906E-01  1.1654E-02 -4.4623E-01
  179.00  3.0888E+03  3.3718E-03  7.0939E-01 -7.0938E-01  3.5034E-03 -4.2634E-01
  180.00  3.1234E+03  8.4604E-14  7.0843E-01 -7.0843E-01  9.2353E-14 -4.1687E-01
 azimuthal averaged scattering matrix expansion coefficients
    n       11          44          12          34         22p         22m
    0  1.0000E+00  4.4260E-01  0.0000E+00  0.0000E+00  0.0000E+00  0.0000E+00
    1  1.0766E+00  1.4223E+00  0.0000E+00  0.0000E+00  0.0000E+00  0.0000E+00
    2  1.4485E+00  1.3288E+00 -4.8848E-01 -3.6796E-02  2.3101E+00  4.7139E-01
    3  1.3796E+00  1.4084E+00 -9.9459E-02  1.1210E-02  1.6440E+00  1.2001E-02
    4  1.4457E+00  1.3984E+00 -4.4202E-02  8.2858E-03  1.5832E+00  3.1306E-02
    5  1.3629E+00  1.3995E+00 -5.7356E-02  2.5589E-02  1.5025E+00 -2.0283E-02
    6  1.3400E+00  1.3074E+00 -3.2167E-02  2.1732E-02  1.4123E+00  2.1120E-02
    7  1.2086E+00  1.2306E+00 -4.2479E-02  3.2383E-02  1.2972E+00 -1.2777E-02
    8  1.1229E+00  1.1033E+00 -3.1489E-02  3.3679E-02  1.1735E+00  1.2345E-02
    9  9.7414E-01  9.9463E-01 -4.7485E-02  3.6465E-02  1.0350E+00 -1.1945E-02
   10  8.8747E-01  8.6315E-01 -3.5699E-02  3.4850E-02  9.1154E-01  1.1468E-02
   11  7.4542E-01  7.6959E-01 -5.0447E-02  3.3978E-02  7.9146E-01 -1.3821E-02
   12  6.8958E-01  6.6374E-01 -2.8767E-02  2.7382E-02  6.9502E-01  1.4028E-02
   13  5.7366E-01  5.8705E-01 -3.8525E-02  2.5292E-02  6.0358E-01 -8.7174E-03
   14  5.1963E-01  5.0888E-01 -2.6768E-02  1.4071E-02  5.2694E-01  6.4221E-03
   15  4.4002E-01  4.4637E-01 -3.0321E-02  1.3687E-02  4.5827E-01 -6.4233E-03
   16  3.8995E-01  3.8065E-01 -2.5487E-02  1.1326E-02  3.9303E-01  5.2144E-03
   17  3.2218E-01  3.2451E-01 -3.6361E-02  7.9987E-03  3.3123E-01 -3.0568E-03
   18  2.8690E-01  2.8086E-01 -2.0887E-02  7.5877E-03  2.9107E-01  4.5942E-03
   19  2.3911E-01  2.4546E-01 -2.9137E-02  7.6038E-04  2.4535E-01 -4.7769E-03
   20  2.1097E-01  2.0267E-01 -1.8270E-02 -1.3951E-03  2.0935E-01  4.6101E-03
   21  1.5468E-01  1.5422E-01 -3.1626E-02 -2.4539E-03  1.6055E-01 -8.8337E-04
   22  1.1476E-01  1.1626E-01 -1.5739E-02  4.4939E-03  1.1714E-01 -1.2468E-03
   23  7.7906E-02  7.6375E-02 -2.0511E-02 -6.6669E-03  8.1142E-02 -2.0544E-04
   24  6.4576E-02  5.6448E-02 -8.6089E-04 -9.2937E-03  6.0160E-02  4.3144E-03
   25  3.6634E-02  4.1542E-02 -1.0673E-02 -1.0824E-02  4.4539E-02 -5.3675E-03
   26  3.9923E-02  2.0064E-02  5.1808E-03 -1.6331E-02  2.6905E-02  9.5499E-03
   27  2.5067E-03  3.1198E-03 -8.3436E-04 -1.0200E-02  4.9988E-03 -2.7187E-03
   28 -1.4394E-02 -1.5725E-02  7.0344E-04 -1.1457E-02 -1.1801E-02  3.5113E-03
   29 -3.8555E-02 -2.8310E-02  1.7854E-03 -1.2290E-02 -2.9482E-02 -5.4015E-03
   30 -3.8320E-02 -4.9482E-02  1.4481E-02 -1.1441E-02 -4.6782E-02  7.0372E-03
   31 -7.1305E-02 -6.3960E-02 -4.5612E-03 -1.3024E-02 -6.4245E-02 -5.2222E-03
   32 -8.3330E-02 -7.8611E-02  2.5377E-03 -1.1215E-02 -8.0226E-02 -2.0559E-04
   33 -1.0688E-01 -9.7089E-02 -3.0755E-03 -2.0361E-02 -1.0060E-01 -4.3214E-03
   34 -1.2189E-01 -1.2385E-01  9.9523E-03 -1.4984E-02 -1.2219E-01  1.5555E-03
   35 -1.4333E-01 -1.4813E-01  5.4226E-03 -1.9887E-02 -1.4646E-01  3.3569E-03
   36 -1.6145E-01 -1.4910E-01  7.8594E-03 -2.1237E-02 -1.5309E-01 -3.8198E-03
   37 -1.6478E-01 -1.6539E-01  5.5716E-03 -2.0036E-02 -1.6466E-01  6.4154E-04
   38 -1.7288E-01 -1.7421E-01  1.3795E-02 -1.0775E-02 -1.7412E-01  1.0323E-03
   39 -1.8044E-01 -1.8573E-01  1.3554E-02 -9.6416E-03 -1.8143E-01 -7.5966E-04
   40 -1.8275E-01 -1.8416E-01  7.4389E-03 -2.6821E-03 -1.8628E-01  1.6232E-03
   41 -1.9246E-01 -1.8047E-01  4.0704E-03  5.1145E-04 -1.8565E-01 -7.5841E-03
   42 -1.6466E-01 -1.8004E-01  1.4817E-02  6.6949E-03 -1.7543E-01  8.5784E-03
   43 -1.6101E-01 -1.4890E-01  8.3905E-03  3.1062E-03 -1.5251E-01 -5.6148E-03
   44 -1.3741E-01 -1.4039E-01  1.1154E-02  2.1651E-03 -1.3754E-01  1.7680E-03
   45 -1.3087E-01 -1.3227E-01  1.2940E-02  8.8220E-04 -1.3118E-01 -4.2454E-04
   46 -1.3394E-01 -1.3629E-01  7.6645E-03  2.1803E-03 -1.3779E-01  1.8747E-03
   47 -1.5947E-01 -1.4365E-01 -7.1502E-03  1.5078E-03 -1.5130E-01 -6.3836E-03
   48 -1.4904E-01 -1.5251E-01  4.8437E-04 -4.8384E-03 -1.5087E-01  4.9137E-03
   49 -1.4288E-01 -1.4972E-01  1.1128E-02 -4.6828E-04 -1.4633E-01  1.7111E-03
   50 -1.4512E-01 -1.3880E-01 -1.1666E-03  2.3825E-03 -1.4257E-01 -3.0785E-03
   51 -1.4491E-01 -1.4602E-01 -2.9246E-03  3.8933E-05 -1.4484E-01  4.6508E-04
   52 -1.5268E-01 -1.5385E-01 -6.7060E-03 -2.5528E-03 -1.5172E-01  9.3205E-04
   53 -1.6125E-01 -1.6341E-01 -1.4902E-02 -9.7696E-04 -1.6465E-01  9.5835E-04
   54 -1.6230E-01 -1.5445E-01 -1.4319E-02  3.6543E-03 -1.5705E-01 -4.0026E-03
   55 -1.5303E-01 -1.4470E-01 -1.2777E-02 -3.0100E-03 -1.4937E-01 -2.4652E-03
   56 -1.1883E-01 -1.3171E-01 -1.4516E-03  5.4990E-03 -1.2652E-01  7.7835E-03
   57 -1.2126E-01 -9.7671E-02 -2.6327E-03  6.0148E-03 -1.0888E-01 -1.1701E-02
   58 -8.7647E-02 -9.6626E-02 -2.8827E-03  1.7984E-02 -9.2670E-02  4.9257E-03
   59 -7.4293E-02 -6.5040E-02 -5.1320E-03  1.0862E-02 -6.9867E-02 -3.8440E-03
   60 -4.1174E-02 -4.6928E-02 -1.5475E-03  1.6968E-02 -4.4433E-02  3.7414E-03
   61 -1.9147E-02 -1.2321E-02  2.1498E-03  1.0234E-02 -1.7666E-02 -3.8307E-03
   62  8.5311E-03  6.7499E-04  2.5230E-03  1.2882E-02  6.0225E-03  5.1101E-03
   63  2.4218E-02  3.2789E-02 -2.5129E-03  9.1414E-03  2.6241E-02 -3.5555E-03
   64  4.3794E-02  4.6141E-02 -3.9476E-03  1.0668E-02  4.4973E-02  1.6609E-03
   65  6.1707E-02  5.9279E-02 -2.1784E-03  1.0031E-02  5.8616E-02  3.6297E-03
   66  7.0286E-02  7.5473E-02 -5.2076E-03  1.1240E-02  7.2431E-02 -1.3041E-03
   67  7.7974E-02  7.7159E-02 -2.1220E-03  9.1780E-03  7.8547E-02  1.2438E-03
   68  8.8930E-02  8.6503E-02 -5.1139E-03  5.6399E-03  8.6602E-02 -3.8380E-04
   69  9.2905E-02  8.6785E-02  1.5979E-03 -2.1970E-03  9.0388E-02  1.7947E-03
   70  8.0680E-02  8.6533E-02 -2.5915E-03 -1.8010E-03  8.3774E-02 -2.4818E-03
   71  6.5042E-02  5.9646E-02 -8.1556E-03  2.1933E-03  6.3519E-02  2.5554E-03
   72  3.1584E-02  3.6199E-02 -1.3887E-02  2.0496E-04  3.4490E-02 -3.5808E-03
   73  2.8881E-03 -1.5117E-03 -1.0239E-02  4.0400E-03  1.8754E-03  1.2513E-03
   74 -3.3958E-02 -3.4382E-02 -1.1887E-02  3.0098E-03 -3.3142E-02 -4.1793E-04
   75 -6.9500E-02 -7.5025E-02 -1.2201E-02  2.7740E-03 -7.1016E-02  1.3290E-03
   76 -1.1442E-01 -1.0826E-01 -1.4394E-02  2.8093E-03 -1.1098E-01 -3.2957E-03
   77 -1.4882E-01 -1.5415E-01 -1.8269E-02  2.4052E-03 -1.5033E-01  2.1581E-03
   78 -1.8447E-01 -1.8162E-01 -1.6935E-02 -2.1990E-03 -1.8314E-01 -1.9300E-03
   79 -2.0516E-01 -2.0744E-01 -2.0134E-02 -1.0200E-03 -2.0504E-01  1.2736E-06
   80 -2.2013E-01 -2.1809E-01 -1.5656E-02 -3.6974E-03 -2.1923E-01 -1.9298E-03
   81 -2.2135E-01 -2.2721E-01 -1.2987E-02 -4.5130E-03 -2.2439E-01  3.0016E-03
   82 -2.2787E-01 -2.2400E-01 -9.0233E-03 -4.4863E-03 -2.2600E-01 -1.5395E-03
   83 -2.2607E-01 -2.2813E-01 -7.6731E-03 -3.0046E-03 -2.2680E-01  8.7112E-04
   84 -2.2787E-01 -2.2810E-01 -5.9207E-03 -1.0005E-03 -2.2908E-01 -2.8051E-04
   85 -2.2994E-01 -2.3014E-01 -5.6693E-03 -9.0561E-04 -2.3025E-01 -1.5122E-04
   86 -2.3271E-01 -2.3275E-01 -4.1983E-03  3.9255E-04 -2.3254E-01 -1.2732E-04
   87 -2.3601E-01 -2.3728E-01 -3.3704E-03  1.6233E-03 -2.3614E-01  7.4966E-04
   88 -2.4201E-01 -2.4040E-01 -4.0790E-03  2.7267E-03 -2.4140E-01 -8.0210E-04
   89 -2.4653E-01 -2.4675E-01 -4.2392E-03  3.9143E-03 -2.4608E-01  3.6803E-04
   90 -2.5130E-01 -2.5170E-01 -5.2695E-03  4.1244E-03 -2.5173E-01  2.1258E-04
   91 -2.5622E-01 -2.5559E-01 -6.3966E-03  4.7089E-03 -2.5571E-01 -4.2340E-04
   92 -2.5841E-01 -2.5771E-01 -6.4321E-03  4.7535E-03 -2.5819E-01 -2.7928E-04
   93 -2.5853E-01 -2.5891E-01 -5.8691E-03  5.0704E-03 -2.5857E-01  2.3367E-04
   94 -2.5709E-01 -2.5751E-01 -4.8671E-03  4.9603E-03 -2.5759E-01  1.2723E-04
   95 -2.5489E-01 -2.5428E-01 -4.5255E-03  4.4327E-03 -2.5465E-01 -3.3787E-04
   96 -2.4893E-01 -2.4925E-01 -3.8682E-03  4.7440E-03 -2.4928E-01  7.9381E-05
   97 -2.4136E-01 -2.4112E-01 -2.5380E-03  3.9588E-03 -2.4150E-01 -1.5527E-04
   98 -2.3101E-01 -2.3137E-01 -2.1341E-03  4.0081E-03 -2.3151E-01  1.7395E-04
   99 -2.1970E-01 -2.1922E-01 -1.3735E-03  3.1531E-03 -2.1972E-01 -1.9595E-04
  100 -2.0581E-01 -2.0634E-01 -6.5971E-04  3.1127E-03 -2.0646E-01  3.2812E-04
  101 -1.9157E-01 -1.9137E-01 -1.6217E-04  2.8815E-03 -1.9176E-01 -1.3901E-04
  102 -1.7549E-01 -1.7571E-01  2.2594E-04  2.6609E-03 -1.7591E-01  1.0220E-04
  103 -1.5857E-01 -1.5833E-01  5.4518E-04  2.4061E-03 -1.5886E-01 -1.3593E-04
  104 -1.4086E-01 -1.4106E-01  8.2405E-04  2.1581E-03 -1.4132E-01  9.7811E-05
  105 -1.2344E-01 -1.2326E-01  1.1347E-03  1.8797E-03 -1.2372E-01 -7.6048E-05
  106 -1.0605E-01 -1.0614E-01  1.3246E-03  1.7153E-03 -1.0644E-01  4.9682E-05
  107 -8.9602E-02 -8.9564E-02  1.5419E-03  1.4515E-03 -8.9905E-02 -1.9315E-05
  108 -7.4258E-02 -7.4221E-02  1.5098E-03  1.1626E-03 -7.4519E-02 -6.4026E-06
  109 -6.0266E-02 -6.0330E-02  1.6118E-03  8.4424E-04 -6.0561E-02  4.4332E-05
  110 -4.8029E-02 -4.8002E-02  1.5486E-03  6.8282E-04 -4.8230E-02 -4.6131E-06
  111 -3.7494E-02 -3.7471E-02  1.3909E-03  5.0196E-04 -3.7661E-02 -1.3491E-05
  112 -2.8624E-02 -2.8657E-02  1.2458E-03  3.6658E-04 -2.8784E-02  5.8489E-06
  113 -2.1373E-02 -2.1360E-02  1.0630E-03  2.4633E-04 -2.1489E-02 -1.7277E-05
  114 -1.5552E-02 -1.5547E-02  8.9061E-04  1.4550E-04 -1.5641E-02 -9.8748E-06
  115 -1.0995E-02 -1.0999E-02  7.3380E-04  8.4163E-05 -1.1068E-02 -8.4358E-07
  116 -7.5375E-03 -7.5295E-03  5.9219E-04  4.6066E-05 -7.5840E-03 -6.6199E-06
  117 -4.9869E-03 -4.9717E-03  4.5222E-04  1.6708E-05 -5.0170E-03 -9.4014E-06
  118 -3.1714E-03 -3.1734E-03  3.3866E-04  5.3878E-06 -3.1975E-03 -7.1071E-07
  119 -1.9501E-03 -1.9381E-03  2.3527E-04 -8.0110E-06 -1.9614E-03 -7.3163E-06
  120 -1.1463E-03 -1.1438E-03  1.6408E-04 -9.2419E-06 -1.1556E-03 -1.6236E-06
  121 -6.5158E-04 -6.4623E-04  1.0736E-04 -5.8608E-06 -6.5495E-04 -2.7264E-06
  122 -3.5846E-04 -3.5519E-04  6.4053E-05 -6.0773E-06 -3.6076E-04 -2.1867E-06
  123 -1.9109E-04 -1.8923E-04  3.6517E-05 -5.5546E-06 -1.9136E-04 -1.1496E-06
  124 -9.6728E-05 -9.4696E-05  2.1704E-05 -4.0638E-06 -9.6960E-05 -1.0653E-06
  125 -4.6276E-05 -4.4402E-05  1.2274E-05 -1.0076E-06 -4.5890E-05 -9.8376E-07
  126 -2.0965E-05 -2.1158E-05  6.0352E-06  2.5398E-07 -2.1422E-05  1.3143E-07
  127 -1.0551E-05 -9.9365E-06  2.2099E-06 -1.1745E-08 -1.0304E-05 -4.2407E-07
  128 -4.9670E-06 -4.7467E-06  1.0848E-06 -2.9386E-07 -4.8958E-06 -1.5503E-07
  129 -1.7887E-06 -1.7941E-06  6.1319E-07 -3.0752E-07 -1.8399E-06  5.4141E-08
  130 -1.7944E-07 -3.1168E-07  3.2285E-07 -1.6748E-07 -2.6229E-07  4.4002E-08
  131  2.3819E-07  4.7717E-07  4.2256E-08 -4.7205E-08  3.6111E-07 -1.5123E-07
  132  4.3471E-07  3.4836E-07 -5.9422E-08  4.4177E-08  4.0476E-07  6.2498E-08
  133  3.1398E-07  3.0241E-07 -2.9029E-08 -6.7061E-08  3.0209E-07  6.8329E-09
  134  2.5217E-07  2.3461E-07  4.0648E-09 -6.1577E-08  2.4513E-07  6.7661E-09
  135  1.5328E-07  1.6886E-07 -1.5367E-08 -1.2474E-08  1.6352E-07 -9.3526E-09
  136  7.7377E-08  6.1572E-08 -1.7566E-08 -9.6095E-09  6.9276E-08  6.0308E-09
  137  1.3392E-08  2.5585E-08 -1.2906E-08 -5.0227E-09  1.9983E-08 -6.0756E-09
  138  1.5489E-09  7.6379E-09 -1.0116E-08  7.9986E-09  3.8406E-09 -2.5932E-09
  139  6.0138E-09 -1.9910E-09 -2.4144E-09  7.6445E-09  1.6023E-09  4.5246E-09
  140 -9.8848E-10 -7.2677E-10 -3.7214E-10  9.2720E-10 -3.5514E-10  3.5205E-10
  141 -4.3343E-09 -3.8639E-09 -3.8333E-09  3.1828E-09 -3.6022E-09 -5.4868E-10
  142 -1.9803E-09 -2.4944E-09 -2.4593E-09 -7.9642E-10 -2.1264E-09 -8.4760E-11
  143 -1.2693E-09 -1.1769E-09 -1.2586E-09 -1.2893E-09 -1.4598E-09 -1.4303E-10
  144  8.3889E-10  8.6572E-10 -7.2426E-10 -3.9867E-10  7.2766E-10 -6.3635E-11
  145  3.9532E-10  2.6055E-10 -8.1852E-10 -5.8201E-11  3.3630E-10  1.5285E-10
  146  4.3077E-10  4.0371E-10 -4.1000E-10 -5.6682E-10  3.9088E-10  5.4868E-11
  147  2.4557E-11  6.3877E-11 -6.5766E-10 -1.0292E-10  5.8855E-11 -2.2344E-11
  148  3.7968E-11  9.9255E-11 -2.1752E-10 -1.9788E-10  4.5320E-11 -4.0615E-11
  149  1.2497E-10  9.3889E-11 -9.2503E-11  1.9409E-11  1.1104E-10  1.8621E-11
  150  1.0411E-10  2.3543E-11  1.2303E-10 -5.0313E-11  5.4585E-11  4.3286E-11
  151  1.1918E-11  5.2379E-12 -3.6261E-11  3.2098E-12  1.0103E-11  5.6100E-12
  152 -9.1447E-12  1.8317E-11  4.2980E-11 -5.5216E-11  9.0655E-13 -9.1428E-12
  153 -1.7181E-12 -3.8132E-12 -7.4419E-12  5.9907E-12 -1.8111E-12  1.7192E-12
  154 -1.4239E-11 -5.9892E-12  4.1108E-12 -3.9619E-12 -8.1821E-12 -5.0878E-12
  155 -1.2147E-12 -1.1586E-12 -5.3418E-12  1.8422E-12 -1.4505E-12 -1.8223E-13
  156 -3.2108E-12 -2.6391E-12 -2.4346E-12  3.6482E-12 -2.7520E-12  8.5386E-14
  157 -3.4609E-14 -4.2748E-13 -2.3150E-13 -3.7732E-13 -2.9302E-13  2.1606E-13
  158 -9.3640E-13 -8.3266E-13 -4.7848E-13  1.1754E-12 -9.4798E-13 -1.2752E-13
  159 -4.1438E-15  3.6564E-15 -1.2597E-14 -1.7703E-14 -2.1285E-14 -3.8255E-16
  160  2.9537E-14 -2.4910E-13  1.0179E-13  1.9475E-13 -1.1769E-13  1.6037E-13
