****************************************************
****************************************************
 mstm calculation results
 date, time:
20250324 063552.572 
 input file:
lk1.inp
****************************************************
 input variables for run     1
 sphere data input file:
lkpos1.pos
 number spheres
16384
 length, ref index scale factors
  1.0000000E+00  2.1400000E+00  8.0500000E-01
 volume cluster radius, area mean sphere radius, circumscribing radius, cross section radius
  2.5398331E+01  1.0000000E+00  8.3319079E+01  2.5398331E+01
 incident plane wave
 Monte Carlo average over incident directions
 t matrix order:
    80
 layer 0 refractive index
  1.0000E+00  0.0000E+00
 number of plane boundaries 
  0
 max_iterations,solution_epsilon, mie_epsilon
       100  1.0000E-07  1.0000E-06
 maximum Mie order, number of equations:
   4    786432
 mean sphere Mie extinction, absorption efficiencies
  2.5156E+00  1.5515E+00
 fft translation option implemented
 cell width, cell volume fraction, cell dimension:
      60      60      54  5.0000E-01  1.9420E+00
 number of neighbor nodes, node order:
   26    4
****************************************************
 calculation results for run 
           1
 incidence averages collected: sample:
   96
 number iterations, error, solution time 
    67  4.8889E-08  3.4674E+03
 total extinction, absorption, scattering efficiencies (unpolarized incidence)
  9.3068E+00  4.5128E+00  4.7940E+00
  down and up hemispherical scattering efficiencies (unpol, par, perp) 
  1.7838E-01  4.6152E+00  1.7810E-01  4.6160E+00  1.7865E-01  4.6143E+00
 azimuthal averaged scattering matrix
 number directions, number SM elements:
   181     6
   theta     11          12          22          33          34          44     
    0.00  1.4167E+07 -1.3013E-07  1.0000E+00  1.0000E+00 -4.6744E-08  1.0000E+00
    1.00  1.0994E+07 -2.0304E-04  1.0000E+00  1.0000E+00 -7.4252E-05  1.0000E+00
    2.00  4.8489E+06 -8.8502E-04  9.9999E-01  9.9999E-01 -3.4047E-04  9.9999E-01
    3.00  9.5033E+05 -2.4483E-03  9.9997E-01  9.9997E-01 -9.9265E-04  9.9995E-01
    4.00  1.0375E+05 -3.0108E-03  9.9975E-01  9.9975E-01  8.8073E-05  9.9959E-01
    5.00  2.0267E+05 -2.6913E-03  9.9986E-01  9.9987E-01  8.2733E-04  9.9978E-01
    6.00  1.4545E+05 -5.5592E-03  9.9981E-01  9.9981E-01  1.8646E-03  9.9968E-01
    7.00  5.2081E+04 -7.9801E-03  9.9949E-01  9.9943E-01  8.0431E-03  9.9911E-01
    8.00  3.3359E+04 -8.3181E-03  9.9918E-01  9.9912E-01  7.3317E-03  9.9860E-01
    9.00  3.2762E+04 -1.0604E-02  9.9913E-01  9.9904E-01  5.3740E-03  9.9848E-01
   10.00  2.3416E+04 -1.2187E-02  9.9878E-01  9.9862E-01  1.1120E-02  9.9782E-01
   11.00  1.2582E+04 -1.4329E-02  9.9774E-01  9.9756E-01  1.2313E-02  9.9613E-01
   12.00  1.0217E+04 -1.6269E-02  9.9720E-01  9.9700E-01  7.6381E-03  9.9528E-01
   13.00  1.0938E+04 -1.7554E-02  9.9736E-01  9.9707E-01  1.2707E-02  9.9547E-01
   14.00  8.1777E+03 -2.0941E-02  9.9643E-01  9.9605E-01  1.6180E-02  9.9389E-01
   15.00  5.8762E+03 -2.3217E-02  9.9496E-01  9.9436E-01  1.6590E-02  9.9136E-01
   16.00  5.4925E+03 -2.3294E-02  9.9455E-01  9.9372E-01  1.8014E-02  9.9057E-01
   17.00  4.9506E+03 -2.6841E-02  9.9388E-01  9.9305E-01  1.5835E-02  9.8958E-01
   18.00  4.1121E+03 -3.2882E-02  9.9249E-01  9.9154E-01  1.4734E-02  9.8736E-01
   19.00  3.5325E+03 -3.7109E-02  9.9104E-01  9.8981E-01  2.0358E-02  9.8484E-01
   20.00  3.2502E+03 -4.0327E-02  9.8994E-01  9.8874E-01  2.2891E-02  9.8321E-01
   21.00  2.8475E+03 -4.5470E-02  9.8824E-01  9.8693E-01  2.0089E-02  9.8065E-01
   22.00  2.3865E+03 -5.1291E-02  9.8589E-01  9.8394E-01  2.0490E-02  9.7650E-01
   23.00  2.1478E+03 -5.5889E-02  9.8428E-01  9.8162E-01  2.5272E-02  9.7335E-01
   24.00  1.8940E+03 -6.0294E-02  9.8186E-01  9.7863E-01  2.6457E-02  9.6941E-01
   25.00  1.6308E+03 -6.4755E-02  9.7840E-01  9.7489E-01  2.6177E-02  9.6417E-01
   26.00  1.5172E+03 -7.0511E-02  9.7634E-01  9.7262E-01  2.8538E-02  9.6095E-01
   27.00  1.4260E+03 -7.8129E-02  9.7466E-01  9.7009E-01  2.7643E-02  9.5786E-01
   28.00  1.3072E+03 -8.6534E-02  9.7211E-01  9.6667E-01  2.4993E-02  9.5334E-01
   29.00  1.1978E+03 -9.5845E-02  9.6881E-01  9.6308E-01  2.6878E-02  9.4799E-01
   30.00  1.1055E+03 -1.0313E-01  9.6556E-01  9.5907E-01  3.0444E-02  9.4269E-01
   31.00  1.0366E+03 -1.0782E-01  9.6308E-01  9.5535E-01  3.0923E-02  9.3828E-01
   32.00  9.7777E+02 -1.1685E-01  9.6041E-01  9.5181E-01  2.9520E-02  9.3338E-01
   33.00  9.1176E+02 -1.2957E-01  9.5707E-01  9.4680E-01  3.0128E-02  9.2687E-01
   34.00  8.3036E+02 -1.3698E-01  9.5283E-01  9.4015E-01  3.0565E-02  9.1922E-01
   35.00  7.7222E+02 -1.4083E-01  9.4827E-01  9.3530E-01  2.5400E-02  9.1293E-01
   36.00  7.5489E+02 -1.5269E-01  9.4509E-01  9.3203E-01  2.2797E-02  9.0800E-01
   37.00  7.1896E+02 -1.7124E-01  9.4164E-01  9.2453E-01  2.6184E-02  8.9917E-01
   38.00  6.6103E+02 -1.8510E-01  9.3691E-01  9.1502E-01  2.5165E-02  8.8826E-01
   39.00  6.2569E+02 -1.9261E-01  9.3286E-01  9.0944E-01  2.2360E-02  8.8121E-01
   40.00  6.0012E+02 -2.0279E-01  9.2874E-01  9.0365E-01  2.4210E-02  8.7410E-01
   41.00  5.7435E+02 -2.1521E-01  9.2432E-01  8.9584E-01  2.3510E-02  8.6534E-01
   42.00  5.6237E+02 -2.2531E-01  9.2163E-01  8.8995E-01  2.1814E-02  8.5917E-01
   43.00  5.4511E+02 -2.3659E-01  9.1810E-01  8.8295E-01  2.4463E-02  8.5133E-01
   44.00  5.1689E+02 -2.4986E-01  9.1232E-01  8.7360E-01  2.4701E-02  8.4019E-01
   45.00  5.0315E+02 -2.5952E-01  9.0846E-01  8.6735E-01  2.3379E-02  8.3296E-01
   46.00  4.9781E+02 -2.6921E-01  9.0620E-01  8.6192E-01  2.6527E-02  8.2704E-01
   47.00  4.8363E+02 -2.8393E-01  9.0201E-01  8.5239E-01  2.9434E-02  8.1651E-01
   48.00  4.6897E+02 -2.9966E-01  8.9712E-01  8.4159E-01  3.1704E-02  8.0493E-01
   49.00  4.5786E+02 -3.1372E-01  8.9280E-01  8.3151E-01  3.5652E-02  7.9397E-01
   50.00  4.4452E+02 -3.2684E-01  8.8778E-01  8.2122E-01  3.7895E-02  7.8214E-01
   51.00  4.3164E+02 -3.4017E-01  8.8255E-01  8.1077E-01  4.0144E-02  7.7038E-01
   52.00  4.2267E+02 -3.5367E-01  8.7822E-01  7.9948E-01  4.5225E-02  7.5855E-01
   53.00  4.1390E+02 -3.6647E-01  8.7409E-01  7.8670E-01  4.7962E-02  7.4564E-01
   54.00  4.0162E+02 -3.8017E-01  8.6917E-01  7.7326E-01  4.5877E-02  7.3173E-01
   55.00  3.8877E+02 -3.9457E-01  8.6362E-01  7.6056E-01  4.3828E-02  7.1795E-01
   56.00  3.8036E+02 -4.0441E-01  8.5815E-01  7.4925E-01  4.4260E-02  7.0576E-01
   57.00  3.7399E+02 -4.1146E-01  8.5259E-01  7.3793E-01  4.6749E-02  6.9402E-01
   58.00  3.6544E+02 -4.2333E-01  8.4675E-01  7.2469E-01  5.0897E-02  6.8007E-01
   59.00  3.5842E+02 -4.3941E-01  8.4187E-01  7.1084E-01  5.4380E-02  6.6550E-01
   60.00  3.5492E+02 -4.5437E-01  8.3808E-01  6.9728E-01  5.8412E-02  6.5176E-01
   61.00  3.4938E+02 -4.6684E-01  8.3324E-01  6.8123E-01  6.3715E-02  6.3529E-01
   62.00  3.4087E+02 -4.7945E-01  8.2697E-01  6.6259E-01  6.6646E-02  6.1539E-01
   63.00  3.3260E+02 -4.9293E-01  8.2026E-01  6.4326E-01  6.8348E-02  5.9430E-01
   64.00  3.2520E+02 -5.0435E-01  8.1358E-01  6.2376E-01  7.0404E-02  5.7314E-01
   65.00  3.1974E+02 -5.1318E-01  8.0816E-01  6.0528E-01  7.0893E-02  5.5392E-01
   66.00  3.1471E+02 -5.2293E-01  8.0319E-01  5.8681E-01  7.0695E-02  5.3574E-01
   67.00  3.0823E+02 -5.3323E-01  7.9711E-01  5.6815E-01  7.1456E-02  5.1719E-01
   68.00  3.0252E+02 -5.4112E-01  7.9083E-01  5.5152E-01  7.3346E-02  4.9974E-01
   69.00  2.9818E+02 -5.4941E-01  7.8467E-01  5.3368E-01  7.7552E-02  4.8099E-01
   70.00  2.9319E+02 -5.6049E-01  7.7793E-01  5.1057E-01  8.2927E-02  4.5763E-01
   71.00  2.8752E+02 -5.7092E-01  7.7124E-01  4.8556E-01  8.5426E-02  4.3262E-01
   72.00  2.8370E+02 -5.7866E-01  7.6611E-01  4.6379E-01  8.5022E-02  4.1116E-01
   73.00  2.8208E+02 -5.8757E-01  7.6243E-01  4.4342E-01  8.4282E-02  3.9176E-01
   74.00  2.8134E+02 -5.9934E-01  7.5964E-01  4.2129E-01  8.4182E-02  3.7048E-01
   75.00  2.8048E+02 -6.1066E-01  7.5663E-01  3.9831E-01  8.4685E-02  3.4781E-01
   76.00  2.7877E+02 -6.1903E-01  7.5201E-01  3.7591E-01  8.4377E-02  3.2617E-01
   77.00  2.7691E+02 -6.2572E-01  7.4692E-01  3.5419E-01  8.3964E-02  3.0625E-01
   78.00  2.7485E+02 -6.3305E-01  7.4211E-01  3.3033E-01  8.6851E-02  2.8453E-01
   79.00  2.7213E+02 -6.3908E-01  7.3755E-01  3.0380E-01  9.1504E-02  2.6013E-01
   80.00  2.6870E+02 -6.4330E-01  7.3315E-01  2.7602E-01  9.3290E-02  2.3439E-01
   81.00  2.6512E+02 -6.4753E-01  7.2827E-01  2.4787E-01  9.1539E-02  2.0798E-01
   82.00  2.6270E+02 -6.5060E-01  7.2308E-01  2.2318E-01  8.9900E-02  1.8415E-01
   83.00  2.6105E+02 -6.5135E-01  7.1723E-01  2.0233E-01  9.1397E-02  1.6282E-01
   84.00  2.6011E+02 -6.5082E-01  7.1152E-01  1.8130E-01  9.3315E-02  1.4095E-01
   85.00  2.6041E+02 -6.5176E-01  7.0787E-01  1.5752E-01  9.3167E-02  1.1781E-01
   86.00  2.6103E+02 -6.5435E-01  7.0592E-01  1.3200E-01  9.3209E-02  9.4869E-02
   87.00  2.6183E+02 -6.5646E-01  7.0480E-01  1.0639E-01  9.4694E-02  7.2355E-02
   88.00  2.6376E+02 -6.5804E-01  7.0441E-01  8.0005E-02  9.6059E-02  4.8345E-02
   89.00  2.6603E+02 -6.5754E-01  7.0372E-01  5.1968E-02  9.6764E-02  2.1831E-02
   90.00  2.6669E+02 -6.5372E-01  7.0117E-01  2.3471E-02  9.6532E-02 -5.3777E-03
   91.00  2.6626E+02 -6.4881E-01  6.9746E-01 -8.9008E-04  9.5685E-02 -2.8284E-02
   92.00  2.6632E+02 -6.4494E-01  6.9443E-01 -2.1498E-02  9.4855E-02 -4.7551E-02
   93.00  2.6690E+02 -6.4230E-01  6.9244E-01 -4.4195E-02  9.1985E-02 -6.8395E-02
   94.00  2.6748E+02 -6.3919E-01  6.9062E-01 -6.9497E-02  8.8415E-02 -9.0268E-02
   95.00  2.6762E+02 -6.3388E-01  6.8816E-01 -9.4696E-02  8.7476E-02 -1.1143E-01
   96.00  2.6783E+02 -6.2676E-01  6.8588E-01 -1.1771E-01  8.7103E-02 -1.3150E-01
   97.00  2.6824E+02 -6.1985E-01  6.8361E-01 -1.3875E-01  8.5029E-02 -1.5024E-01
   98.00  2.6808E+02 -6.1291E-01  6.7994E-01 -1.5934E-01  8.3053E-02 -1.6793E-01
   99.00  2.6833E+02 -6.0505E-01  6.7702E-01 -1.7923E-01  8.2960E-02 -1.8506E-01
  100.00  2.7010E+02 -5.9741E-01  6.7774E-01 -2.0099E-01  8.5035E-02 -2.0469E-01
  101.00  2.7255E+02 -5.8963E-01  6.7997E-01 -2.2598E-01  8.6412E-02 -2.2619E-01
  102.00  2.7447E+02 -5.8067E-01  6.8034E-01 -2.4852E-01  8.4948E-02 -2.4364E-01
  103.00  2.7589E+02 -5.7075E-01  6.7966E-01 -2.6855E-01  8.2502E-02 -2.5917E-01
  104.00  2.7795E+02 -5.6191E-01  6.8000E-01 -2.9090E-01  7.8689E-02 -2.7817E-01
  105.00  2.8078E+02 -5.5319E-01  6.8101E-01 -3.1327E-01  7.4253E-02 -2.9792E-01
  106.00  2.8356E+02 -5.4202E-01  6.8240E-01 -3.3449E-01  7.1556E-02 -3.1690E-01
  107.00  2.8676E+02 -5.3019E-01  6.8480E-01 -3.5499E-01  7.1421E-02 -3.3462E-01
  108.00  2.9038E+02 -5.1932E-01  6.8698E-01 -3.7229E-01  7.1042E-02 -3.4859E-01
  109.00  2.9333E+02 -5.0906E-01  6.8766E-01 -3.8893E-01  6.6820E-02 -3.6156E-01
  110.00  2.9563E+02 -4.9760E-01  6.8776E-01 -4.0770E-01  6.3167E-02 -3.7643E-01
  111.00  2.9765E+02 -4.8568E-01  6.8881E-01 -4.2335E-01  6.2288E-02 -3.8998E-01
  112.00  2.9990E+02 -4.7815E-01  6.9130E-01 -4.3344E-01  5.9930E-02 -3.9997E-01
  113.00  3.0404E+02 -4.7360E-01  6.9404E-01 -4.4598E-01  5.5887E-02 -4.1078E-01
  114.00  3.1048E+02 -4.6493E-01  6.9635E-01 -4.6545E-01  5.2700E-02 -4.2578E-01
  115.00  3.1633E+02 -4.4992E-01  6.9838E-01 -4.8648E-01  5.0245E-02 -4.4180E-01
  116.00  3.1901E+02 -4.3232E-01  6.9945E-01 -5.0347E-01  4.9465E-02 -4.5412E-01
  117.00  3.2049E+02 -4.1763E-01  6.9995E-01 -5.1488E-01  5.1034E-02 -4.6099E-01
  118.00  3.2392E+02 -4.0820E-01  7.0139E-01 -5.2352E-01  5.0901E-02 -4.6512E-01
  119.00  3.2858E+02 -4.0004E-01  7.0292E-01 -5.3405E-01  4.7503E-02 -4.7139E-01
  120.00  3.3287E+02 -3.8822E-01  7.0322E-01 -5.4703E-01  4.3009E-02 -4.8075E-01
  121.00  3.3668E+02 -3.7453E-01  7.0377E-01 -5.6043E-01  3.8729E-02 -4.9116E-01
  122.00  3.4008E+02 -3.6137E-01  7.0630E-01 -5.7301E-01  3.5022E-02 -5.0195E-01
  123.00  3.4407E+02 -3.4770E-01  7.0997E-01 -5.8323E-01  3.2491E-02 -5.1151E-01
  124.00  3.4861E+02 -3.3522E-01  7.1271E-01 -5.9112E-01  3.1332E-02 -5.1787E-01
  125.00  3.5155E+02 -3.2380E-01  7.1404E-01 -5.9806E-01  3.1002E-02 -5.2213E-01
  126.00  3.5276E+02 -3.1001E-01  7.1441E-01 -6.0600E-01  3.2253E-02 -5.2747E-01
  127.00  3.5533E+02 -2.9496E-01  7.1414E-01 -6.1769E-01  3.4967E-02 -5.3574E-01
  128.00  3.6085E+02 -2.8282E-01  7.1402E-01 -6.3038E-01  3.4195E-02 -5.4285E-01
  129.00  3.6702E+02 -2.7410E-01  7.1485E-01 -6.3816E-01  2.7084E-02 -5.4455E-01
  130.00  3.7246E+02 -2.6444E-01  7.1732E-01 -6.4305E-01  2.0245E-02 -5.4563E-01
  131.00  3.7899E+02 -2.5195E-01  7.2089E-01 -6.5022E-01  1.7250E-02 -5.5142E-01
  132.00  3.8588E+02 -2.4051E-01  7.2320E-01 -6.5844E-01  1.5934E-02 -5.5774E-01
  133.00  3.8957E+02 -2.3082E-01  7.2272E-01 -6.6493E-01  1.6149E-02 -5.5940E-01
  134.00  3.9113E+02 -2.2361E-01  7.2111E-01 -6.6969E-01  1.6964E-02 -5.5829E-01
  135.00  3.9441E+02 -2.1890E-01  7.2156E-01 -6.7339E-01  1.8972E-02 -5.5892E-01
  136.00  4.0013E+02 -2.1087E-01  7.2500E-01 -6.7682E-01  1.9449E-02 -5.6216E-01
  137.00  4.0727E+02 -1.9966E-01  7.2916E-01 -6.8307E-01  1.3400E-02 -5.6761E-01
  138.00  4.1538E+02 -1.8696E-01  7.3213E-01 -6.9260E-01  7.0617E-03 -5.7471E-01
  139.00  4.2267E+02 -1.7649E-01  7.3433E-01 -7.0067E-01  7.3598E-03 -5.8047E-01
  140.00  4.2715E+02 -1.7043E-01  7.3604E-01 -7.0587E-01  7.1680E-03 -5.8302E-01
  141.00  4.3112E+02 -1.6017E-01  7.3773E-01 -7.0970E-01  2.8280E-04 -5.8329E-01
  142.00  4.3751E+02 -1.4609E-01  7.4097E-01 -7.1326E-01 -5.6747E-03 -5.8451E-01
  143.00  4.4574E+02 -1.3767E-01  7.4690E-01 -7.1716E-01 -3.6598E-03 -5.8882E-01
  144.00  4.5468E+02 -1.3585E-01  7.5312E-01 -7.2243E-01  2.9198E-03 -5.9479E-01
  145.00  4.6214E+02 -1.3140E-01  7.5528E-01 -7.2702E-01  3.6986E-03 -5.9655E-01
  146.00  4.6437E+02 -1.2131E-01  7.5201E-01 -7.2710E-01 -2.3327E-03 -5.8971E-01
  147.00  4.6327E+02 -1.1125E-01  7.4640E-01 -7.2570E-01 -7.0365E-03 -5.8058E-01
  148.00  4.6610E+02 -9.8491E-02  7.4421E-01 -7.2651E-01 -1.0238E-02 -5.7702E-01
  149.00  4.7338E+02 -8.5143E-02  7.4632E-01 -7.2977E-01 -1.1607E-02 -5.7861E-01
  150.00  4.8214E+02 -7.9674E-02  7.4935E-01 -7.3419E-01 -1.2382E-02 -5.8135E-01
  151.00  4.9404E+02 -7.7832E-02  7.5285E-01 -7.3941E-01 -1.1396E-02 -5.8508E-01
  152.00  5.0599E+02 -7.3209E-02  7.5618E-01 -7.4584E-01 -5.6921E-03 -5.8993E-01
  153.00  5.1011E+02 -6.5867E-02  7.5799E-01 -7.4799E-01 -1.6076E-03 -5.9056E-01
  154.00  5.0934E+02 -6.0761E-02  7.5916E-01 -7.4409E-01 -2.4899E-03 -5.8571E-01
  155.00  5.1504E+02 -5.8459E-02  7.5985E-01 -7.4111E-01 -8.9901E-03 -5.8006E-01
  156.00  5.2596E+02 -5.1192E-02  7.5946E-01 -7.4309E-01 -1.2074E-02 -5.7733E-01
  157.00  5.3146E+02 -4.3695E-02  7.5919E-01 -7.4807E-01 -8.7382E-03 -5.7850E-01
  158.00  5.3188E+02 -3.8916E-02  7.5956E-01 -7.5164E-01 -7.8571E-03 -5.7890E-01
  159.00  5.3538E+02 -3.2203E-02  7.6028E-01 -7.5208E-01 -7.6219E-03 -5.7555E-01
  160.00  5.4370E+02 -2.5981E-02  7.6152E-01 -7.5230E-01 -3.9011E-03 -5.7274E-01
  161.00  5.5080E+02 -2.1821E-02  7.6239E-01 -7.5315E-01  3.0716E-03 -5.7127E-01
  162.00  5.5377E+02 -2.2482E-02  7.6339E-01 -7.5256E-01  5.6412E-03 -5.6875E-01
  163.00  5.5875E+02 -2.0121E-02  7.6545E-01 -7.5119E-01  3.8165E-03 -5.6637E-01
  164.00  5.7188E+02 -8.9469E-03  7.6706E-01 -7.5263E-01  8.4776E-05 -5.6624E-01
  165.00  5.9226E+02  2.4468E-03  7.6937E-01 -7.5825E-01 -6.5565E-03 -5.6985E-01
  166.00  6.1296E+02  6.9491E-03  7.7329E-01 -7.6602E-01 -9.3532E-03 -5.7607E-01
  167.00  6.2411E+02  4.1988E-03  7.7487E-01 -7.7153E-01 -9.7152E-03 -5.7894E-01
  168.00  6.1955E+02  4.4957E-03  7.7072E-01 -7.7160E-01 -7.3841E-03 -5.7279E-01
  169.00  6.0470E+02  4.4928E-03  7.5974E-01 -7.6558E-01 -6.5182E-03 -5.5401E-01
  170.00  5.9629E+02 -2.1355E-03  7.4847E-01 -7.5688E-01 -1.3150E-02 -5.3095E-01
  171.00  6.0568E+02 -3.4357E-03  7.4881E-01 -7.5694E-01 -1.9875E-02 -5.2752E-01
  172.00  6.2178E+02  4.1617E-03  7.5568E-01 -7.6392E-01 -2.1063E-02 -5.3806E-01
  173.00  6.2389E+02  1.0329E-02  7.5510E-01 -7.6234E-01 -1.7658E-02 -5.3326E-01
  174.00  6.1528E+02  6.7184E-03  7.5182E-01 -7.5603E-01 -2.1910E-02 -5.2092E-01
  175.00  6.1546E+02 -6.0955E-03  7.5834E-01 -7.5949E-01 -3.3335E-02 -5.2775E-01
  176.00  6.2588E+02 -2.0512E-02  7.6684E-01 -7.6815E-01 -3.0526E-02 -5.4189E-01
  177.00  6.4236E+02 -2.2679E-02  7.6527E-01 -7.6832E-01 -1.2380E-02 -5.3776E-01
  178.00  6.6530E+02 -1.3166E-02  7.5700E-01 -7.5889E-01  6.9805E-04 -5.1781E-01
  179.00  6.8325E+02 -3.9055E-03  7.4811E-01 -7.4833E-01  1.5799E-03 -4.9695E-01
  180.00  6.8857E+02 -1.0618E-13  7.4383E-01 -7.4383E-01  5.1533E-14 -4.8771E-01
 diffuse scattering matrix 
   theta     11          12          22          33          34          44     
    0.00  3.6680E+04 -3.8712E-07  9.9934E-01  9.9934E-01 -3.1715E-06  9.9890E-01
    1.00  7.6653E+04 -1.9033E-04  9.9968E-01  9.9968E-01 -2.0057E-03  9.9946E-01
    2.00  1.0705E+05 -1.4806E-04  9.9978E-01  9.9977E-01 -3.3997E-03  9.9962E-01
    3.00  9.1189E+04 -5.9162E-04  9.9975E-01  9.9974E-01 -2.4257E-03  9.9958E-01
    4.00  9.3594E+04 -2.6240E-03  9.9974E-01  9.9975E-01  7.9370E-04  9.9958E-01
    5.00  8.1970E+04 -4.5973E-03  9.9967E-01  9.9970E-01  1.4120E-03  9.9949E-01
    6.00  5.0764E+04 -5.7458E-03  9.9948E-01  9.9950E-01  4.0441E-03  9.9916E-01
    7.00  3.9029E+04 -6.3871E-03  9.9935E-01  9.9930E-01  9.8240E-03  9.9889E-01
    8.00  2.8306E+04 -9.3657E-03  9.9906E-01  9.9898E-01  8.5689E-03  9.9839E-01
    9.00  1.7233E+04 -1.2434E-02  9.9838E-01  9.9828E-01  6.5163E-03  9.9722E-01
   10.00  1.5952E+04 -1.1747E-02  9.9825E-01  9.9810E-01  1.2871E-02  9.9696E-01
   11.00  1.1562E+04 -1.4164E-02  9.9759E-01  9.9745E-01  1.3088E-02  9.9593E-01
   12.00  7.9470E+03 -1.7970E-02  9.9645E-01  9.9628E-01  7.6347E-03  9.9410E-01
   13.00  8.8195E+03 -1.8819E-02  9.9679E-01  9.9649E-01  1.2717E-02  9.9454E-01
   14.00  7.4353E+03 -2.1188E-02  9.9615E-01  9.9578E-01  1.6768E-02  9.9345E-01
   15.00  5.5651E+03 -2.3051E-02  9.9477E-01  9.9417E-01  1.7277E-02  9.9107E-01
   16.00  5.1921E+03 -2.4006E-02  9.9433E-01  9.9349E-01  1.7702E-02  9.9022E-01
   17.00  4.6788E+03 -2.7610E-02  9.9362E-01  9.9278E-01  1.5531E-02  9.8917E-01
   18.00  3.9443E+03 -3.2774E-02  9.9228E-01  9.9132E-01  1.5179E-02  9.8702E-01
   19.00  3.4653E+03 -3.6512E-02  9.9101E-01  9.8980E-01  2.0731E-02  9.8483E-01
   20.00  3.1796E+03 -4.0630E-02  9.8988E-01  9.8871E-01  2.2814E-02  9.8316E-01
   21.00  2.7467E+03 -4.6333E-02  9.8797E-01  9.8668E-01  2.0165E-02  9.8025E-01
   22.00  2.3215E+03 -5.1354E-02  9.8570E-01  9.8378E-01  2.1128E-02  9.7625E-01
   23.00  2.1106E+03 -5.5935E-02  9.8424E-01  9.8164E-01  2.5810E-02  9.7339E-01
   24.00  1.8568E+03 -6.0772E-02  9.8173E-01  9.7859E-01  2.6662E-02  9.6930E-01
   25.00  1.5981E+03 -6.5022E-02  9.7823E-01  9.7479E-01  2.6367E-02  9.6397E-01
   26.00  1.4894E+03 -7.0464E-02  9.7626E-01  9.7255E-01  2.8989E-02  9.6084E-01
   27.00  1.4016E+03 -7.7803E-02  9.7459E-01  9.7006E-01  2.8165E-02  9.5778E-01
   28.00  1.2863E+03 -8.6232E-02  9.7201E-01  9.6667E-01  2.5223E-02  9.5327E-01
   29.00  1.1790E+03 -9.5817E-02  9.6872E-01  9.6302E-01  2.7098E-02  9.4792E-01
   30.00  1.0867E+03 -1.0349E-01  9.6542E-01  9.5894E-01  3.0807E-02  9.4253E-01
   31.00  1.0201E+03 -1.0817E-01  9.6296E-01  9.5527E-01  3.1474E-02  9.3814E-01
   32.00  9.6368E+02 -1.1694E-01  9.6031E-01  9.5177E-01  2.9876E-02  9.3325E-01
   33.00  8.9830E+02 -1.2970E-01  9.5694E-01  9.4670E-01  3.0172E-02  9.2673E-01
   34.00  8.1776E+02 -1.3717E-01  9.5274E-01  9.3999E-01  3.0683E-02  9.1906E-01
   35.00  7.6156E+02 -1.4083E-01  9.4826E-01  9.3522E-01  2.5494E-02  9.1283E-01
   36.00  7.4411E+02 -1.5264E-01  9.4503E-01  9.3191E-01  2.2916E-02  9.0781E-01
   37.00  7.0799E+02 -1.7143E-01  9.4149E-01  9.2433E-01  2.6202E-02  8.9887E-01
   38.00  6.5240E+02 -1.8547E-01  9.3684E-01  9.1494E-01  2.5109E-02  8.8809E-01
   39.00  6.1651E+02 -1.9342E-01  9.3260E-01  9.0908E-01  2.2448E-02  8.8070E-01
   40.00  5.9088E+02 -2.0357E-01  9.2838E-01  9.0324E-01  2.4216E-02  8.7350E-01
   41.00  5.6767E+02 -2.1554E-01  9.2424E-01  8.9588E-01  2.3481E-02  8.6531E-01
   42.00  5.5568E+02 -2.2570E-01  9.2157E-01  8.8994E-01  2.2085E-02  8.5915E-01
   43.00  5.3791E+02 -2.3679E-01  9.1793E-01  8.8286E-01  2.4606E-02  8.5120E-01
   44.00  5.1044E+02 -2.4983E-01  9.1217E-01  8.7367E-01  2.4456E-02  8.4019E-01
   45.00  4.9680E+02 -2.5956E-01  9.0828E-01  8.6740E-01  2.3292E-02  8.3286E-01
   46.00  4.9138E+02 -2.6925E-01  9.0600E-01  8.6192E-01  2.6402E-02  8.2686E-01
   47.00  4.7751E+02 -2.8419E-01  9.0185E-01  8.5241E-01  2.9109E-02  8.1640E-01
   48.00  4.6314E+02 -3.0009E-01  8.9710E-01  8.4162E-01  3.1419E-02  8.0498E-01
   49.00  4.5261E+02 -3.1393E-01  8.9298E-01  8.3169E-01  3.5576E-02  7.9432E-01
   50.00  4.3945E+02 -3.2700E-01  8.8794E-01  8.2132E-01  3.8178E-02  7.8237E-01
   51.00  4.2646E+02 -3.4027E-01  8.8258E-01  8.1072E-01  4.0381E-02  7.7034E-01
   52.00  4.1802E+02 -3.5364E-01  8.7835E-01  7.9970E-01  4.5565E-02  7.5878E-01
   53.00  4.0952E+02 -3.6672E-01  8.7424E-01  7.8695E-01  4.8790E-02  7.4585E-01
   54.00  3.9736E+02 -3.8050E-01  8.6928E-01  7.7334E-01  4.6735E-02  7.3173E-01
   55.00  3.8469E+02 -3.9486E-01  8.6375E-01  7.6055E-01  4.4476E-02  7.1789E-01
   56.00  3.7599E+02 -4.0494E-01  8.5807E-01  7.4894E-01  4.4528E-02  7.0531E-01
   57.00  3.6963E+02 -4.1187E-01  8.5241E-01  7.3760E-01  4.6583E-02  6.9350E-01
   58.00  3.6141E+02 -4.2354E-01  8.4675E-01  7.2461E-01  5.0724E-02  6.7990E-01
   59.00  3.5451E+02 -4.3959E-01  8.4195E-01  7.1080E-01  5.4156E-02  6.6549E-01
   60.00  3.5091E+02 -4.5451E-01  8.3808E-01  6.9720E-01  5.8049E-02  6.5174E-01
   61.00  3.4522E+02 -4.6669E-01  8.3312E-01  6.8129E-01  6.3301E-02  6.3535E-01
   62.00  3.3690E+02 -4.7888E-01  8.2689E-01  6.6317E-01  6.6252E-02  6.1586E-01
   63.00  3.2885E+02 -4.9242E-01  8.2027E-01  6.4409E-01  6.8421E-02  5.9500E-01
   64.00  3.2133E+02 -5.0397E-01  8.1345E-01  6.2423E-01  7.0681E-02  5.7349E-01
   65.00  3.1578E+02 -5.1287E-01  8.0787E-01  6.0550E-01  7.0792E-02  5.5402E-01
   66.00  3.1086E+02 -5.2277E-01  8.0290E-01  5.8707E-01  7.0626E-02  5.3589E-01
   67.00  3.0449E+02 -5.3307E-01  7.9685E-01  5.6823E-01  7.1515E-02  5.1723E-01
   68.00  2.9882E+02 -5.4104E-01  7.9061E-01  5.5134E-01  7.3208E-02  4.9960E-01
   69.00  2.9453E+02 -5.4951E-01  7.8454E-01  5.3348E-01  7.7501E-02  4.8087E-01
   70.00  2.8957E+02 -5.6052E-01  7.7787E-01  5.1051E-01  8.3136E-02  4.5759E-01
   71.00  2.8397E+02 -5.7073E-01  7.7118E-01  4.8565E-01  8.5743E-02  4.3269E-01
   72.00  2.8023E+02 -5.7847E-01  7.6599E-01  4.6388E-01  8.5404E-02  4.1129E-01
   73.00  2.7870E+02 -5.8737E-01  7.6233E-01  4.4360E-01  8.4590E-02  3.9195E-01
   74.00  2.7801E+02 -5.9919E-01  7.5954E-01  4.2154E-01  8.4233E-02  3.7064E-01
   75.00  2.7723E+02 -6.1069E-01  7.5657E-01  3.9846E-01  8.4641E-02  3.4781E-01
   76.00  2.7569E+02 -6.1912E-01  7.5213E-01  3.7608E-01  8.4454E-02  3.2629E-01
   77.00  2.7394E+02 -6.2591E-01  7.4716E-01  3.5439E-01  8.4175E-02  3.0650E-01
   78.00  2.7187E+02 -6.3314E-01  7.4230E-01  3.3041E-01  8.7313E-02  2.8463E-01
   79.00  2.6904E+02 -6.3881E-01  7.3757E-01  3.0364E-01  9.2090E-02  2.5991E-01
   80.00  2.6547E+02 -6.4290E-01  7.3292E-01  2.7557E-01  9.3584E-02  2.3391E-01
   81.00  2.6187E+02 -6.4713E-01  7.2781E-01  2.4737E-01  9.1337E-02  2.0748E-01
   82.00  2.5955E+02 -6.4997E-01  7.2259E-01  2.2301E-01  8.9418E-02  1.8397E-01
   83.00  2.5793E+02 -6.5070E-01  7.1677E-01  2.0236E-01  9.1073E-02  1.6282E-01
   84.00  2.5700E+02 -6.5039E-01  7.1108E-01  1.8126E-01  9.3141E-02  1.4094E-01
   85.00  2.5748E+02 -6.5138E-01  7.0756E-01  1.5771E-01  9.2968E-02  1.1808E-01
   86.00  2.5822E+02 -6.5399E-01  7.0572E-01  1.3240E-01  9.2912E-02  9.5198E-02
   87.00  2.5892E+02 -6.5622E-01  7.0467E-01  1.0672E-01  9.4255E-02  7.2433E-02
   88.00  2.6067E+02 -6.5776E-01  7.0435E-01  8.0228E-02  9.5655E-02  4.8294E-02
   89.00  2.6282E+02 -6.5719E-01  7.0363E-01  5.2061E-02  9.6492E-02  2.1698E-02
   90.00  2.6350E+02 -6.5363E-01  7.0103E-01  2.3339E-02  9.6328E-02 -5.7818E-03
   91.00  2.6323E+02 -6.4918E-01  6.9743E-01 -1.2554E-03  9.5449E-02 -2.9021E-02
   92.00  2.6339E+02 -6.4553E-01  6.9450E-01 -2.2102E-02  9.4618E-02 -4.8562E-02
   93.00  2.6395E+02 -6.4284E-01  6.9250E-01 -4.4976E-02  9.1862E-02 -6.9543E-02
   94.00  2.6458E+02 -6.3957E-01  6.9075E-01 -7.0124E-02  8.8548E-02 -9.1177E-02
   95.00  2.6485E+02 -6.3417E-01  6.8846E-01 -9.5095E-02  8.7797E-02 -1.1204E-01
   96.00  2.6510E+02 -6.2707E-01  6.8627E-01 -1.1798E-01  8.7325E-02 -1.3196E-01
   97.00  2.6539E+02 -6.1994E-01  6.8383E-01 -1.3899E-01  8.5017E-02 -1.5057E-01
   98.00  2.6516E+02 -6.1278E-01  6.7995E-01 -1.5960E-01  8.2649E-02 -1.6812E-01
   99.00  2.6547E+02 -6.0510E-01  6.7702E-01 -1.7937E-01  8.2337E-02 -1.8510E-01
  100.00  2.6730E+02 -5.9754E-01  6.7774E-01 -2.0098E-01  8.4535E-02 -2.0466E-01
  101.00  2.6969E+02 -5.8967E-01  6.7974E-01 -2.2587E-01  8.6261E-02 -2.2609E-01
  102.00  2.7147E+02 -5.8048E-01  6.7985E-01 -2.4841E-01  8.5219E-02 -2.4359E-01
  103.00  2.7277E+02 -5.7032E-01  6.7909E-01 -2.6843E-01  8.2867E-02 -2.5928E-01
  104.00  2.7480E+02 -5.6140E-01  6.7954E-01 -2.9061E-01  7.9019E-02 -2.7825E-01
  105.00  2.7765E+02 -5.5271E-01  6.8074E-01 -3.1297E-01  7.4667E-02 -2.9796E-01
  106.00  2.8051E+02 -5.4163E-01  6.8237E-01 -3.3433E-01  7.1975E-02 -3.1709E-01
  107.00  2.8374E+02 -5.2991E-01  6.8498E-01 -3.5492E-01  7.1713E-02 -3.3492E-01
  108.00  2.8726E+02 -5.1901E-01  6.8724E-01 -3.7247E-01  7.1334E-02 -3.4898E-01
  109.00  2.9011E+02 -5.0867E-01  6.8789E-01 -3.8941E-01  6.7145E-02 -3.6194E-01
  110.00  2.9247E+02 -4.9738E-01  6.8804E-01 -4.0821E-01  6.3521E-02 -3.7654E-01
  111.00  2.9463E+02 -4.8545E-01  6.8918E-01 -4.2408E-01  6.2871E-02 -3.9016E-01
  112.00  2.9697E+02 -4.7781E-01  6.9171E-01 -4.3454E-01  6.0577E-02 -4.0054E-01
  113.00  3.0125E+02 -4.7349E-01  6.9458E-01 -4.4692E-01  5.6266E-02 -4.1128E-01
  114.00  3.0782E+02 -4.6514E-01  6.9701E-01 -4.6635E-01  5.2727E-02 -4.2625E-01
  115.00  3.1364E+02 -4.5038E-01  6.9897E-01 -4.8745E-01  5.0010E-02 -4.4245E-01
  116.00  3.1613E+02 -4.3290E-01  6.9985E-01 -5.0403E-01  4.9124E-02 -4.5457E-01
  117.00  3.1742E+02 -4.1799E-01  7.0024E-01 -5.1517E-01  5.0754E-02 -4.6133E-01
  118.00  3.2081E+02 -4.0828E-01  7.0179E-01 -5.2399E-01  5.0671E-02 -4.6561E-01
  119.00  3.2542E+02 -4.0028E-01  7.0341E-01 -5.3448E-01  4.7391E-02 -4.7158E-01
  120.00  3.2947E+02 -3.8869E-01  7.0359E-01 -5.4709E-01  4.3203E-02 -4.8036E-01
  121.00  3.3305E+02 -3.7495E-01  7.0397E-01 -5.6026E-01  3.9002E-02 -4.9062E-01
  122.00  3.3643E+02 -3.6169E-01  7.0643E-01 -5.7274E-01  3.5089E-02 -5.0148E-01
  123.00  3.4047E+02 -3.4787E-01  7.1005E-01 -5.8301E-01  3.2340E-02 -5.1118E-01
  124.00  3.4503E+02 -3.3518E-01  7.1275E-01 -5.9132E-01  3.0897E-02 -5.1803E-01
  125.00  3.4807E+02 -3.2385E-01  7.1421E-01 -5.9873E-01  3.0335E-02 -5.2283E-01
  126.00  3.4951E+02 -3.1018E-01  7.1474E-01 -6.0677E-01  3.1675E-02 -5.2826E-01
  127.00  3.5215E+02 -2.9498E-01  7.1442E-01 -6.1800E-01  3.4478E-02 -5.3613E-01
  128.00  3.5734E+02 -2.8265E-01  7.1400E-01 -6.3032E-01  3.3703E-02 -5.4292E-01
  129.00  3.6312E+02 -2.7370E-01  7.1455E-01 -6.3804E-01  2.6865E-02 -5.4432E-01
  130.00  3.6847E+02 -2.6432E-01  7.1700E-01 -6.4283E-01  2.0408E-02 -5.4500E-01
  131.00  3.7504E+02 -2.5248E-01  7.2080E-01 -6.5005E-01  1.7349E-02 -5.5090E-01
  132.00  3.8190E+02 -2.4099E-01  7.2330E-01 -6.5843E-01  1.5702E-02 -5.5758E-01
  133.00  3.8547E+02 -2.3078E-01  7.2283E-01 -6.6502E-01  1.5985E-02 -5.5933E-01
  134.00  3.8702E+02 -2.2351E-01  7.2121E-01 -6.6974E-01  1.6921E-02 -5.5808E-01
  135.00  3.9055E+02 -2.1928E-01  7.2172E-01 -6.7338E-01  1.8757E-02 -5.5864E-01
  136.00  3.9655E+02 -2.1185E-01  7.2537E-01 -6.7698E-01  1.9135E-02 -5.6223E-01
  137.00  4.0365E+02 -2.0059E-01  7.2976E-01 -6.8360E-01  1.3288E-02 -5.6836E-01
  138.00  4.1132E+02 -1.8710E-01  7.3271E-01 -6.9325E-01  7.0585E-03 -5.7569E-01
  139.00  4.1837E+02 -1.7619E-01  7.3471E-01 -7.0119E-01  7.1017E-03 -5.8115E-01
  140.00  4.2302E+02 -1.7044E-01  7.3628E-01 -7.0627E-01  6.7921E-03 -5.8335E-01
  141.00  4.2710E+02 -1.6054E-01  7.3774E-01 -7.0972E-01 -9.0365E-05 -5.8307E-01
  142.00  4.3347E+02 -1.4618E-01  7.4081E-01 -7.1299E-01 -6.4273E-03 -5.8401E-01
  143.00  4.4168E+02 -1.3764E-01  7.4681E-01 -7.1697E-01 -4.7454E-03 -5.8849E-01
  144.00  4.5023E+02 -1.3640E-01  7.5303E-01 -7.2217E-01  2.5283E-03 -5.9434E-01
  145.00  4.5717E+02 -1.3229E-01  7.5508E-01 -7.2664E-01  4.2630E-03 -5.9594E-01
  146.00  4.5936E+02 -1.2201E-01  7.5179E-01 -7.2681E-01 -1.8095E-03 -5.8926E-01
  147.00  4.5840E+02 -1.1120E-01  7.4634E-01 -7.2580E-01 -6.7702E-03 -5.8065E-01
  148.00  4.6128E+02 -9.7717E-02  7.4443E-01 -7.2740E-01 -1.0030E-02 -5.7796E-01
  149.00  4.6845E+02 -8.4216E-02  7.4656E-01 -7.3088E-01 -1.2155E-02 -5.7964E-01
  150.00  4.7653E+02 -7.9045E-02  7.4922E-01 -7.3423E-01 -1.3638E-02 -5.8120E-01
  151.00  4.8777E+02 -7.7832E-02  7.5245E-01 -7.3845E-01 -1.2457E-02 -5.8394E-01
  152.00  5.0010E+02 -7.3426E-02  7.5589E-01 -7.4500E-01 -6.6138E-03 -5.8896E-01
  153.00  5.0506E+02 -6.5434E-02  7.5801E-01 -7.4770E-01 -2.5307E-03 -5.9031E-01
  154.00  5.0470E+02 -5.9332E-02  7.5950E-01 -7.4417E-01 -3.4287E-03 -5.8611E-01
  155.00  5.1030E+02 -5.7129E-02  7.6024E-01 -7.4138E-01 -9.7894E-03 -5.8061E-01
  156.00  5.2095E+02 -5.0994E-02  7.5954E-01 -7.4352E-01 -1.2438E-02 -5.7767E-01
  157.00  5.2610E+02 -4.4324E-02  7.5883E-01 -7.4864E-01 -9.1544E-03 -5.7859E-01
  158.00  5.2601E+02 -3.9877E-02  7.5904E-01 -7.5224E-01 -8.7171E-03 -5.7895E-01
  159.00  5.2947E+02 -3.2606E-02  7.6000E-01 -7.5282E-01 -8.7918E-03 -5.7593E-01
  160.00  5.3811E+02 -2.5517E-02  7.6135E-01 -7.5303E-01 -5.0610E-03 -5.7317E-01
  161.00  5.4502E+02 -2.1412E-02  7.6190E-01 -7.5328E-01  2.0451E-03 -5.7085E-01
  162.00  5.4767E+02 -2.1929E-02  7.6264E-01 -7.5204E-01  4.9590E-03 -5.6750E-01
  163.00  5.5264E+02 -1.8968E-02  7.6493E-01 -7.5065E-01  3.4514E-03 -5.6536E-01
  164.00  5.6560E+02 -8.1956E-03  7.6685E-01 -7.5214E-01  1.3986E-06 -5.6567E-01
  165.00  5.8561E+02  2.3882E-03  7.6908E-01 -7.5754E-01 -6.5947E-03 -5.6899E-01
  166.00  6.0628E+02  6.7808E-03  7.7272E-01 -7.6539E-01 -9.9981E-03 -5.7496E-01
  167.00  6.1759E+02  4.1185E-03  7.7413E-01 -7.7135E-01 -1.0248E-02 -5.7806E-01
  168.00  6.1288E+02  4.6270E-03  7.6999E-01 -7.7145E-01 -7.6349E-03 -5.7195E-01
  169.00  5.9811E+02  5.3689E-03  7.5952E-01 -7.6490E-01 -7.2414E-03 -5.5314E-01
  170.00  5.9009E+02 -1.3890E-03  7.4912E-01 -7.5614E-01 -1.4813E-02 -5.3083E-01
  171.00  5.9959E+02 -3.8177E-03  7.4952E-01 -7.5674E-01 -2.2847E-02 -5.2798E-01
  172.00  6.1577E+02  3.6835E-03  7.5588E-01 -7.6365E-01 -2.4021E-02 -5.3800E-01
  173.00  6.1800E+02  1.0555E-02  7.5518E-01 -7.6161E-01 -1.9632E-02 -5.3267E-01
  174.00  6.0969E+02  6.9387E-03  7.5205E-01 -7.5542E-01 -2.3325E-02 -5.2054E-01
  175.00  6.1084E+02 -6.3945E-03  7.5914E-01 -7.5966E-01 -3.4307E-02 -5.2867E-01
  176.00  6.2206E+02 -2.0583E-02  7.6806E-01 -7.6930E-01 -3.1796E-02 -5.4421E-01
  177.00  6.3864E+02 -2.2740E-02  7.6605E-01 -7.6986E-01 -1.4335E-02 -5.4006E-01
  178.00  6.6181E+02 -1.3873E-02  7.5756E-01 -7.6003E-01 -4.6309E-04 -5.1948E-01
  179.00  6.8055E+02 -4.3861E-03  7.4875E-01 -7.4904E-01  1.4457E-03 -4.9829E-01
  180.00  6.8640E+02 -1.2198E-13  7.4442E-01 -7.4442E-01  5.1571E-14 -4.8890E-01
 azimuthal averaged scattering matrix expansion coefficients
    n       11          44          12          34         22p         22m
    0  1.0000E+00  6.4482E-01  0.0000E+00  0.0000E+00  0.0000E+00  0.0000E+00
    1  1.7779E+00  2.2091E+00  0.0000E+00  0.0000E+00  0.0000E+00  0.0000E+00
    2  3.0341E+00  2.8767E+00 -3.2420E-01  4.3146E-02  3.4867E+00  4.2944E-01
    3  3.6479E+00  3.6940E+00 -4.7706E-02  1.3903E-02  3.8948E+00 -3.7857E-02
    4  4.3437E+00  4.3186E+00 -5.1003E-02  5.6203E-03  4.5157E+00  2.6232E-02
    5  4.8107E+00  4.8286E+00 -4.0810E-02  2.1346E-02  4.9907E+00 -9.3512E-03
    6  5.2143E+00  5.2026E+00 -3.2768E-02  1.9026E-02  5.3590E+00  1.1297E-02
    7  5.4648E+00  5.4718E+00 -3.6092E-02  2.9309E-02  5.6114E+00 -4.5281E-03
    8  5.6476E+00  5.6453E+00 -3.3258E-02  2.8386E-02  5.7735E+00  3.7365E-03
    9  5.7375E+00  5.7393E+00 -4.0075E-02  3.2186E-02  5.8560E+00 -3.2221E-04
   10  5.7796E+00  5.7799E+00 -3.7113E-02  2.9935E-02  5.8838E+00  1.1150E-03
   11  5.7670E+00  5.7713E+00 -4.0714E-02  2.7881E-02  5.8628E+00 -2.0495E-03
   12  5.7244E+00  5.7189E+00 -2.9418E-02  2.7507E-02  5.8072E+00  4.2303E-03
   13  5.6292E+00  5.6297E+00 -3.3739E-02  2.6985E-02  5.7083E+00 -1.9726E-04
   14  5.5016E+00  5.5086E+00 -3.3471E-02  2.6329E-02  5.5772E+00 -2.1758E-03
   15  5.3506E+00  5.3424E+00 -3.1628E-02  2.8944E-02  5.4141E+00  4.1941E-03
   16  5.1592E+00  5.1629E+00 -3.0989E-02  2.5841E-02  5.2237E+00 -1.8758E-03
   17  4.9494E+00  4.9488E+00 -3.6125E-02  3.0826E-02  5.0072E+00  1.0195E-03
   18  4.7176E+00  4.7221E+00 -2.7812E-02  2.6692E-02  4.7734E+00 -1.1926E-03
   19  4.4712E+00  4.4668E+00 -2.9549E-02  3.0634E-02  4.5189E+00  2.5426E-03
   20  4.1973E+00  4.1978E+00 -2.9782E-02  2.3394E-02  4.2466E+00 -1.6698E-04
   21  3.9116E+00  3.9126E+00 -3.0922E-02  2.6808E-02  3.9554E+00 -4.4378E-04
   22  3.6085E+00  3.6122E+00 -2.9957E-02  2.1444E-02  3.6526E+00 -1.0650E-03
   23  3.2981E+00  3.2938E+00 -2.5347E-02  2.5569E-02  3.3360E+00  2.2872E-03
   24  2.9673E+00  2.9669E+00 -2.8055E-02  1.9491E-02  3.0035E+00  4.8603E-04
   25  2.6218E+00  2.6265E+00 -3.1407E-02  2.4851E-02  2.6605E+00 -2.2781E-03
   26  2.2830E+00  2.2821E+00 -3.4357E-02  2.0588E-02  2.3144E+00  1.0007E-03
   27  1.9449E+00  1.9506E+00 -2.6243E-02  2.1637E-02  1.9771E+00 -1.6171E-03
   28  1.6285E+00  1.6128E+00 -2.5395E-02  1.5510E-02  1.6474E+00  7.2711E-03
   29  1.2943E+00  1.3113E+00 -2.5130E-02  1.7770E-02  1.3278E+00 -8.9196E-03
   30  1.0046E+00  9.8998E-01 -2.9005E-02  1.4908E-02  1.0180E+00  7.6717E-03
   31  7.0070E-01  7.1526E-01 -2.7012E-02  1.4772E-02  7.2799E-01 -7.2423E-03
   32  4.4490E-01  4.3485E-01 -2.2588E-02  1.1836E-02  4.5610E-01  5.4961E-03
   33  1.8406E-01  1.8949E-01 -2.1605E-02  1.1860E-02  2.0248E-01 -2.7909E-03
   34 -4.6386E-02 -4.8774E-02 -1.9850E-02  6.4969E-03 -3.5516E-02  1.0905E-03
   35 -2.6251E-01 -2.6327E-01 -1.6077E-02  5.2674E-03 -2.4983E-01  2.2931E-04
   36 -4.5848E-01 -4.5628E-01 -1.7280E-02  2.3463E-03 -4.5001E-01 -8.9510E-04
   37 -6.3573E-01 -6.3771E-01 -1.1956E-02  2.4672E-03 -6.2686E-01  7.3482E-04
   38 -7.9875E-01 -7.9933E-01 -1.4596E-02  3.6517E-03 -7.9293E-01 -5.9637E-05
   39 -9.4731E-01 -9.4553E-01 -1.5595E-02  2.5211E-04 -9.4006E-01 -9.6743E-04
   40 -1.0730E+00 -1.0741E+00 -1.4120E-02 -6.4925E-03 -1.0689E+00  8.4655E-04
   41 -1.1801E+00 -1.1838E+00 -1.3131E-02 -1.8298E-03 -1.1789E+00  1.5930E-03
   42 -1.2772E+00 -1.2704E+00 -1.2097E-02 -1.3170E-02 -1.2712E+00 -3.2700E-03
   43 -1.3498E+00 -1.3550E+00 -1.5591E-02 -7.3993E-03 -1.3504E+00  2.5174E-03
   44 -1.4124E+00 -1.4099E+00 -1.0786E-02 -1.3071E-02 -1.4106E+00 -1.1407E-03
   45 -1.4521E+00 -1.4554E+00 -1.0675E-02 -1.6210E-02 -1.4532E+00  2.2463E-03
   46 -1.4780E+00 -1.4717E+00 -9.4862E-03 -1.7832E-02 -1.4763E+00 -3.3691E-03
   47 -1.4799E+00 -1.4909E+00 -2.1471E-03 -1.9966E-02 -1.4853E+00  4.9205E-03
   48 -1.4851E+00 -1.4751E+00 -5.9631E-03 -2.0094E-02 -1.4828E+00 -5.1177E-03
   49 -1.4670E+00 -1.4727E+00 -9.5314E-04 -2.2869E-02 -1.4706E+00  3.2335E-03
   50 -1.4450E+00 -1.4490E+00 -2.6078E-03 -2.2187E-02 -1.4503E+00  1.0830E-03
   51 -1.4265E+00 -1.4155E+00 -3.1130E-04 -2.3889E-02 -1.4225E+00 -6.1454E-03
   52 -1.3794E+00 -1.3923E+00 -1.6607E-04 -2.3715E-02 -1.3889E+00  6.6757E-03
   53 -1.3563E+00 -1.3453E+00  4.7537E-03 -2.4441E-02 -1.3526E+00 -5.2197E-03
   54 -1.3073E+00 -1.3170E+00  1.4768E-03 -2.6366E-02 -1.3151E+00  4.8091E-03
   55 -1.2801E+00 -1.2707E+00  2.6517E-03 -2.4853E-02 -1.2764E+00 -5.1468E-03
   56 -1.2310E+00 -1.2372E+00  4.1656E-04 -2.6429E-02 -1.2379E+00  2.9117E-03
   57 -1.1937E+00 -1.1924E+00  7.8743E-03 -2.4879E-02 -1.1938E+00 -1.0311E-03
   58 -1.1483E+00 -1.1481E+00  7.1953E-04 -2.2564E-02 -1.1509E+00  9.4673E-06
   59 -1.1074E+00 -1.1043E+00  6.6518E-03 -2.3103E-02 -1.1082E+00 -1.6394E-03
   60 -1.0552E+00 -1.0634E+00  4.0879E-03 -2.1466E-02 -1.0613E+00  3.8651E-03
   61 -1.0223E+00 -1.0126E+00  4.7265E-03 -1.9440E-02 -1.0191E+00 -4.8887E-03
   62 -9.6773E-01 -9.7556E-01  1.1436E-03 -1.9076E-02 -9.7430E-01  3.7471E-03
   63 -9.2684E-01 -9.2055E-01  2.8728E-03 -1.5392E-02 -9.2497E-01 -3.1526E-03
   64 -8.7127E-01 -8.7289E-01  3.0667E-03 -1.7982E-02 -8.7467E-01  1.0687E-03
   65 -8.1720E-01 -8.1768E-01  2.7051E-03 -1.3565E-02 -8.1884E-01  3.4208E-04
   66 -7.5729E-01 -7.5435E-01  7.3241E-03 -1.5894E-02 -7.5879E-01 -1.1364E-03
   67 -6.9289E-01 -6.9817E-01  6.1581E-03 -1.7197E-02 -6.9691E-01  2.6300E-03
   68 -6.3555E-01 -6.3094E-01  3.5783E-03 -1.7453E-02 -6.3541E-01 -2.8319E-03
   69 -5.6868E-01 -5.7524E-01  7.8931E-03 -1.6443E-02 -5.7455E-01  2.9747E-03
   70 -5.2021E-01 -5.1174E-01  7.4317E-04 -1.7513E-02 -5.1729E-01 -4.5657E-03
   71 -4.5588E-01 -4.6332E-01  3.6462E-03 -1.6856E-02 -4.6154E-01  3.5030E-03
   72 -4.0393E-01 -3.9848E-01  4.3383E-03 -1.7508E-02 -4.0315E-01 -3.0535E-03
   73 -3.3912E-01 -3.4466E-01  4.2197E-03 -1.7909E-02 -3.4349E-01  2.5793E-03
   74 -2.8200E-01 -2.7444E-01  5.0959E-03 -1.6845E-02 -2.8007E-01 -3.6388E-03
   75 -2.1026E-01 -2.1762E-01  9.1410E-03 -1.7689E-02 -2.1565E-01  3.8668E-03
   76 -1.4853E-01 -1.4559E-01  1.1028E-02 -1.4664E-02 -1.4944E-01 -1.6866E-03
   77 -8.7978E-02 -8.9518E-02  1.3503E-02 -1.7096E-02 -8.8729E-02  5.9754E-04
   78 -3.3867E-02 -3.5196E-02  1.3883E-02 -1.0590E-02 -3.7329E-02  4.1628E-04
   79  4.3464E-03  4.3805E-03  1.3661E-02 -1.1163E-02  5.1282E-03 -2.7905E-04
   80  3.5966E-02  3.7733E-02  1.1243E-02 -7.7993E-03  3.5224E-02 -9.3817E-04
   81  5.8715E-02  5.6547E-02  1.1137E-02 -6.3929E-03  5.7587E-02  9.1348E-04
   82  7.0830E-02  7.0531E-02  1.2295E-02 -6.3297E-03  7.0448E-02 -7.7611E-07
   83  7.3920E-02  7.6183E-02  8.9771E-03 -2.5590E-03  7.4844E-02 -1.0374E-03
   84  7.2330E-02  7.1538E-02  1.1388E-02 -5.6766E-04  7.2137E-02  4.6060E-04
   85  6.6115E-02  6.4183E-02  1.0618E-02 -1.7729E-03  6.5323E-02  9.1337E-04
   86  5.1983E-02  5.5927E-02  1.1552E-02  1.9618E-03  5.4532E-02 -1.8077E-03
   87  4.1064E-02  3.6540E-02  1.0550E-02 -2.6523E-03  3.8917E-02  1.9894E-03
   88  1.7907E-02  1.9328E-02  1.1809E-02  2.2328E-03  1.9050E-02 -8.3276E-04
   89 -7.9268E-03 -8.2112E-03  8.3780E-03 -1.8989E-03 -7.5424E-03 -2.3114E-04
   90 -3.9184E-02 -4.1400E-02  7.8278E-03 -1.6273E-03 -3.9312E-02  8.3750E-04
   91 -7.7148E-02 -7.2510E-02  3.9390E-03 -2.9998E-03 -7.4292E-02 -2.0673E-03
   92 -1.0727E-01 -1.1225E-01  4.8005E-03 -4.3886E-03 -1.0908E-01  2.6661E-03
   93 -1.4629E-01 -1.4164E-01  1.3974E-03 -7.6291E-03 -1.4300E-01 -2.0871E-03
   94 -1.7492E-01 -1.7843E-01  4.8847E-05 -9.3449E-03 -1.7635E-01  2.2198E-03
   95 -2.0785E-01 -2.0387E-01  1.7504E-03 -1.2474E-02 -2.0540E-01 -1.7369E-03
   96 -2.2848E-01 -2.3227E-01  1.3460E-05 -1.3647E-02 -2.2991E-01  2.1189E-03
   97 -2.4734E-01 -2.4562E-01  2.4927E-03 -1.5694E-02 -2.4636E-01 -6.6430E-04
   98 -2.5577E-01 -2.5660E-01 -1.0218E-03 -1.6794E-02 -2.5611E-01  2.5415E-04
   99 -2.5708E-01 -2.5595E-01 -9.9327E-04 -1.7427E-02 -2.5680E-01 -4.8640E-04
  100 -2.5194E-01 -2.5222E-01 -9.3593E-04 -1.9546E-02 -2.5181E-01  3.0208E-05
  101 -2.4273E-01 -2.4372E-01 -2.1627E-03 -2.0488E-02 -2.4399E-01  4.8423E-04
  102 -2.3723E-01 -2.3509E-01 -1.8958E-03 -2.1565E-02 -2.3601E-01 -8.2787E-04
  103 -2.3024E-01 -2.3025E-01 -2.3095E-03 -2.4049E-02 -2.3063E-01  4.0051E-04
  104 -2.2996E-01 -2.3105E-01 -2.5531E-03 -2.5628E-02 -2.3053E-01  9.2484E-04
  105 -2.3828E-01 -2.3481E-01 -1.9898E-03 -2.8222E-02 -2.3626E-01 -1.2985E-03
  106 -2.5090E-01 -2.5357E-01 -1.4276E-03 -2.9754E-02 -2.5217E-01  1.7324E-03
  107 -2.8113E-01 -2.7975E-01 -1.4053E-04 -3.2148E-02 -2.7978E-01 -4.7079E-04
  108 -3.2425E-01 -3.2457E-01 -4.4274E-04 -3.2239E-02 -3.2349E-01  2.9559E-04
  109 -3.8814E-01 -3.8896E-01  1.7861E-04 -3.1258E-02 -3.8722E-01  3.4497E-04
  110 -4.7446E-01 -4.7391E-01 -1.8584E-03 -2.9851E-02 -4.7249E-01 -2.0458E-04
  111 -5.7887E-01 -5.7951E-01 -4.3132E-03 -2.5724E-02 -5.7709E-01  3.5278E-04
  112 -7.0026E-01 -6.9897E-01 -5.5602E-03 -2.2702E-02 -6.9745E-01 -5.3464E-04
  113 -8.2992E-01 -8.3075E-01 -7.8420E-03 -1.8781E-02 -8.2817E-01  5.7441E-04
  114 -9.6704E-01 -9.6676E-01 -8.1782E-03 -1.4910E-02 -9.6465E-01  3.7281E-05
  115 -1.1035E+00 -1.1037E+00 -9.4798E-03 -1.0495E-02 -1.1013E+00  3.2898E-04
  116 -1.2362E+00 -1.2361E+00 -9.7422E-03 -7.5322E-03 -1.2342E+00  4.4588E-05
  117 -1.3611E+00 -1.3613E+00 -9.4424E-03 -3.0543E-03 -1.3594E+00  3.1411E-04
  118 -1.4756E+00 -1.4755E+00 -8.7448E-03  9.9938E-04 -1.4741E+00 -1.6396E-05
  119 -1.5777E+00 -1.5781E+00 -9.2448E-03  5.0416E-03 -1.5764E+00  7.0937E-05
  120 -1.6661E+00 -1.6654E+00 -8.4208E-03  8.9532E-03 -1.6649E+00 -3.7478E-04
  121 -1.7366E+00 -1.7373E+00 -9.0215E-03  1.1541E-02 -1.7360E+00  2.6557E-04
  122 -1.7892E+00 -1.7882E+00 -8.4459E-03  1.3392E-02 -1.7884E+00 -6.5699E-04
  123 -1.8199E+00 -1.8207E+00 -8.2813E-03  1.4173E-02 -1.8200E+00  3.7996E-04
  124 -1.8305E+00 -1.8295E+00 -7.4589E-03  1.4366E-02 -1.8304E+00 -4.8701E-04
  125 -1.8190E+00 -1.8196E+00 -6.5074E-03  1.5003E-02 -1.8197E+00  3.0787E-04
  126 -1.7897E+00 -1.7889E+00 -6.0819E-03  1.4987E-02 -1.7902E+00 -3.9686E-04
  127 -1.7420E+00 -1.7424E+00 -5.2039E-03  1.5030E-02 -1.7433E+00  2.1983E-04
  128 -1.6789E+00 -1.6785E+00 -4.8678E-03  1.4611E-02 -1.6800E+00 -2.4012E-04
  129 -1.5999E+00 -1.5999E+00 -3.9331E-03  1.3508E-02 -1.6014E+00 -9.0155E-06
  130 -1.5079E+00 -1.5077E+00 -2.8115E-03  1.2660E-02 -1.5094E+00 -9.4318E-05
  131 -1.4045E+00 -1.4047E+00 -2.1604E-03  1.1717E-02 -1.4064E+00  9.0343E-05
  132 -1.2929E+00 -1.2925E+00 -1.5343E-03  9.5845E-03 -1.2946E+00 -1.5861E-04
  133 -1.1742E+00 -1.1742E+00 -3.5014E-04  8.3365E-03 -1.1762E+00  6.5073E-05
  134 -1.0527E+00 -1.0526E+00  4.3924E-04  6.3941E-03 -1.0546E+00  3.5302E-05
  135 -9.3037E-01 -9.3033E-01  1.3244E-03  4.7544E-03 -9.3221E-01  3.7920E-05
  136 -8.1030E-01 -8.1029E-01  2.1667E-03  3.3122E-03 -8.1217E-01  2.2181E-05
  137 -6.9521E-01 -6.9532E-01  3.1022E-03  2.0039E-03 -6.9693E-01  8.4191E-05
  138 -5.8786E-01 -5.8781E-01  3.1837E-03  1.2023E-03 -5.8940E-01 -6.2680E-06
  139 -4.8942E-01 -4.8958E-01  3.7572E-03  4.0492E-04 -4.9087E-01  9.3156E-05
  140 -4.0152E-01 -4.0146E-01  3.1290E-03 -3.2089E-04 -4.0271E-01 -1.9155E-05
  141 -3.2439E-01 -3.2447E-01  3.5425E-03 -4.8127E-04 -3.2546E-01  4.9930E-05
  142 -2.5811E-01 -2.5804E-01  2.9242E-03 -9.6665E-04 -2.5899E-01 -2.4300E-05
  143 -2.0197E-01 -2.0202E-01  2.6155E-03 -9.7381E-04 -2.0269E-01  3.3423E-05
  144 -1.5556E-01 -1.5555E-01  2.6320E-03 -9.6735E-04 -1.5617E-01 -3.8998E-06
  145 -1.1769E-01 -1.1773E-01  1.5527E-03 -9.6645E-04 -1.1816E-01  1.9244E-05
  146 -8.7461E-02 -8.7440E-02  1.6922E-03 -7.6643E-04 -8.7848E-02 -7.2825E-06
  147 -6.3267E-02 -6.3266E-02  9.8733E-04 -1.1469E-03 -6.3544E-02 -1.0223E-06
  148 -4.4390E-02 -4.4423E-02  9.9696E-04 -5.4090E-04 -4.4637E-02  2.1447E-05
  149 -3.0139E-02 -3.0134E-02  6.2966E-04 -1.0531E-03 -3.0299E-02  3.3670E-06
  150 -1.9668E-02 -1.9644E-02  4.0311E-04 -3.7653E-04 -1.9773E-02 -7.2110E-06
  151 -1.2388E-02 -1.2338E-02  3.0132E-04 -6.5966E-04 -1.2455E-02 -1.6643E-05
  152 -7.1829E-03 -7.2218E-03  1.0010E-04 -3.3937E-04 -7.2565E-03  1.9442E-05
  153 -3.9810E-03 -3.9672E-03  1.5066E-04 -2.5999E-04 -4.0048E-03 -3.7323E-06
  154 -2.0588E-03 -2.0505E-03 -2.7045E-05 -3.7865E-04 -2.0744E-03  2.8388E-06
  155 -1.0219E-03 -1.0402E-03  1.0514E-04  3.3595E-05 -1.0361E-03  9.6860E-06
  156 -5.2692E-04 -4.9387E-04 -2.0763E-04 -2.9999E-04 -5.1771E-04 -1.5356E-05
  157 -2.1148E-04 -1.9717E-04  5.8424E-05  6.9124E-06 -2.0763E-04 -5.9797E-06
  158 -6.3773E-05 -5.9160E-05 -2.1186E-04 -1.1287E-04 -6.0331E-05 -3.6201E-06
  159 -3.1408E-05 -2.7902E-05 -7.0220E-06 -1.5354E-05 -3.7366E-05 -3.6082E-06
  160  2.4448E-05  9.4834E-06 -9.2481E-05 -9.6503E-05  1.9642E-05  6.3019E-06
