****************************************************
****************************************************
 mstm calculation results
 date, time:
20260301 164523.387 
 input file:
lk1.inp
****************************************************
 input variables for run     1
 sphere data input file:
8192_bpca.pos
 number spheres
 8192
 length, ref index scale factors
  1.0000000E+00  1.9800000E+00  4.8000000E-01
 volume cluster radius, area mean sphere radius, circumscribing radius, cross section radius
  2.0158674E+01  1.0000000E+00  6.3517362E+01  2.0158674E+01
 incident plane wave
 Monte Carlo average over incident directions
 t matrix order:
    80
 layer 0 refractive index
  1.0000E+00  0.0000E+00
 number of plane boundaries 
  0
 max_iterations,solution_epsilon, mie_epsilon
       100  1.0000E-07  1.0000E-06
 maximum Mie order, number of equations:
   4    393216
 mean sphere Mie extinction, absorption efficiencies
  1.8496E+00  1.1286E+00
 fft translation option implemented
 cell width, cell volume fraction, cell dimension:
      45      45      45  5.0000E-01  1.9262E+00
 number of neighbor nodes, node order:
   26    4
****************************************************
 calculation results for run 
           1
 incidence averages collected: sample:
   64
 number iterations, error, solution time 
    57  2.7789E-08  4.8109E+04
 total extinction, absorption, scattering efficiencies (unpolarized incidence)
  8.9708E+00  4.2513E+00  4.7195E+00
  down and up hemispherical scattering efficiencies (unpol, par, perp) 
  1.8467E-01  4.5368E+00  1.8543E-01  4.5353E+00  1.8392E-01  4.5383E+00
 azimuthal averaged scattering matrix
 number directions, number SM elements:
   181     6
   theta     11          12          22          33          34          44     
    0.00  5.2444E+06 -1.3811E-07  9.9999E-01  9.9999E-01 -2.7934E-08  9.9999E-01
    1.00  4.5263E+06 -2.1259E-04  9.9999E-01  9.9999E-01 -4.4329E-05  9.9999E-01
    2.00  2.8490E+06 -8.8120E-04  9.9999E-01  9.9999E-01 -2.0249E-04  9.9998E-01
    3.00  1.2067E+06 -2.1434E-03  9.9998E-01  9.9998E-01 -5.9148E-04  9.9996E-01
    4.00  2.7191E+05 -4.5713E-03  9.9991E-01  9.9990E-01 -1.7125E-03  9.9983E-01
    5.00  2.2875E+04 -8.4241E-03  9.9887E-01  9.9882E-01 -3.0086E-03  9.9805E-01
    6.00  5.7478E+04 -4.2958E-03  9.9953E-01  9.9953E-01  2.8498E-03  9.9920E-01
    7.00  7.7500E+04 -8.0506E-03  9.9966E-01  9.9964E-01  1.9928E-03  9.9940E-01
    8.00  4.1211E+04 -1.3073E-02  9.9941E-01  9.9930E-01  1.3545E-03  9.9890E-01
    9.00  1.1676E+04 -1.7054E-02  9.9795E-01  9.9756E-01  2.2610E-03  9.9620E-01
   10.00  1.0431E+04 -8.5570E-03  9.9765E-01  9.9729E-01  7.4798E-03  9.9575E-01
   11.00  1.5345E+04 -1.2470E-02  9.9838E-01  9.9818E-01  8.0548E-03  9.9714E-01
   12.00  1.2392E+04 -1.8770E-02  9.9802E-01  9.9782E-01  8.8842E-03  9.9658E-01
   13.00  6.8868E+03 -2.3959E-02  9.9645E-01  9.9608E-01  9.9359E-03  9.9388E-01
   14.00  4.7754E+03 -2.3139E-02  9.9480E-01  9.9402E-01  1.0561E-02  9.9084E-01
   15.00  4.8287E+03 -2.2495E-02  9.9476E-01  9.9381E-01  1.2496E-02  9.9067E-01
   16.00  4.5361E+03 -2.4905E-02  9.9428E-01  9.9351E-01  1.4514E-02  9.9013E-01
   17.00  3.7342E+03 -2.7617E-02  9.9283E-01  9.9242E-01  1.3794E-02  9.8820E-01
   18.00  3.0212E+03 -3.0348E-02  9.9094E-01  9.9062E-01  1.1063E-02  9.8537E-01
   19.00  2.5512E+03 -3.3081E-02  9.8922E-01  9.8852E-01  1.1082E-02  9.8251E-01
   20.00  2.3355E+03 -3.5038E-02  9.8819E-01  9.8723E-01  1.3689E-02  9.8086E-01
   21.00  2.2977E+03 -3.7909E-02  9.8794E-01  9.8695E-01  1.4066E-02  9.8053E-01
   22.00  2.1837E+03 -4.3819E-02  9.8739E-01  9.8593E-01  1.2728E-02  9.7937E-01
   23.00  1.8819E+03 -5.1712E-02  9.8550E-01  9.8304E-01  1.3743E-02  9.7584E-01
   24.00  1.5704E+03 -5.7455E-02  9.8245E-01  9.7930E-01  1.8501E-02  9.7094E-01
   25.00  1.4042E+03 -5.8391E-02  9.7983E-01  9.7708E-01  2.2113E-02  9.6751E-01
   26.00  1.3288E+03 -5.9644E-02  9.7814E-01  9.7585E-01  2.0227E-02  9.6532E-01
   27.00  1.2516E+03 -6.6192E-02  9.7631E-01  9.7334E-01  1.6516E-02  9.6197E-01
   28.00  1.1703E+03 -7.5829E-02  9.7410E-01  9.6971E-01  1.6563E-02  9.5763E-01
   29.00  1.0993E+03 -8.2948E-02  9.7191E-01  9.6658E-01  2.0364E-02  9.5395E-01
   30.00  1.0207E+03 -8.6563E-02  9.6948E-01  9.6409E-01  2.2287E-02  9.5064E-01
   31.00  9.3537E+02 -9.1071E-02  9.6638E-01  9.6123E-01  1.8900E-02  9.4637E-01
   32.00  8.6916E+02 -9.9924E-02  9.6330E-01  9.5776E-01  1.3810E-02  9.4146E-01
   33.00  8.2221E+02 -1.1120E-01  9.6086E-01  9.5393E-01  1.2504E-02  9.3680E-01
   34.00  7.6891E+02 -1.2130E-01  9.5810E-01  9.4939E-01  1.3414E-02  9.3143E-01
   35.00  7.0504E+02 -1.2990E-01  9.5384E-01  9.4383E-01  1.0544E-02  9.2409E-01
   36.00  6.5182E+02 -1.3915E-01  9.4887E-01  9.3800E-01  2.9855E-03  9.1616E-01
   37.00  6.1729E+02 -1.5013E-01  9.4495E-01  9.3256E-01 -2.6282E-03  9.0996E-01
   38.00  5.8723E+02 -1.6122E-01  9.4179E-01  9.2679E-01 -2.0502E-03  9.0453E-01
   39.00  5.5439E+02 -1.7001E-01  9.3795E-01  9.2025E-01  1.3179E-03  8.9763E-01
   40.00  5.2941E+02 -1.7595E-01  9.3392E-01  9.1437E-01  2.8982E-03  8.9020E-01
   41.00  5.1730E+02 -1.8166E-01  9.3117E-01  9.1016E-01  2.6225E-03  8.8467E-01
   42.00  5.0443E+02 -1.9015E-01  9.2888E-01  9.0564E-01  2.2017E-03  8.7951E-01
   43.00  4.7900E+02 -2.0126E-01  9.2503E-01  8.9851E-01  9.5721E-04  8.7129E-01
   44.00  4.4970E+02 -2.1239E-01  9.1981E-01  8.8973E-01 -1.7245E-03  8.6065E-01
   45.00  4.3153E+02 -2.2223E-01  9.1553E-01  8.8246E-01 -3.3261E-03  8.5207E-01
   46.00  4.2313E+02 -2.3312E-01  9.1247E-01  8.7676E-01 -2.1440E-03  8.4615E-01
   47.00  4.1091E+02 -2.4770E-01  9.0822E-01  8.6915E-01 -1.0760E-03  8.3806E-01
   48.00  3.9016E+02 -2.6514E-01  9.0170E-01  8.5795E-01 -2.8268E-03  8.2524E-01
   49.00  3.6946E+02 -2.8145E-01  8.9486E-01  8.4554E-01 -5.3927E-03  8.1105E-01
   50.00  3.5649E+02 -2.9362E-01  8.9000E-01  8.3537E-01 -5.4238E-03  8.0029E-01
   51.00  3.4969E+02 -3.0368E-01  8.8690E-01  8.2771E-01 -3.8092E-03  7.9307E-01
   52.00  3.4360E+02 -3.1631E-01  8.8391E-01  8.1994E-01 -3.1175E-03  7.8567E-01
   53.00  3.3541E+02 -3.3287E-01  8.7986E-01  8.0960E-01 -3.2465E-03  7.7504E-01
   54.00  3.2533E+02 -3.4949E-01  8.7445E-01  7.9656E-01 -3.5490E-03  7.6110E-01
   55.00  3.1505E+02 -3.6161E-01  8.6841E-01  7.8320E-01 -5.0205E-03  7.4676E-01
   56.00  3.0630E+02 -3.6998E-01  8.6329E-01  7.7186E-01 -7.3489E-03  7.3499E-01
   57.00  2.9934E+02 -3.8007E-01  8.5976E-01  7.6159E-01 -7.5471E-03  7.2494E-01
   58.00  2.9281E+02 -3.9527E-01  8.5655E-01  7.4938E-01 -4.3257E-03  7.1283E-01
   59.00  2.8606E+02 -4.1324E-01  8.5230E-01  7.3441E-01 -4.3580E-04  6.9717E-01
   60.00  2.8013E+02 -4.2931E-01  8.4741E-01  7.1895E-01  1.1057E-03  6.8062E-01
   61.00  2.7596E+02 -4.4154E-01  8.4321E-01  7.0523E-01  5.6911E-04  6.6620E-01
   62.00  2.7291E+02 -4.5178E-01  8.3977E-01  6.9305E-01  2.8539E-04  6.5376E-01
   63.00  2.6948E+02 -4.6283E-01  8.3596E-01  6.8070E-01  1.7310E-03  6.4096E-01
   64.00  2.6478E+02 -4.7549E-01  8.3104E-01  6.6671E-01  4.5926E-03  6.2614E-01
   65.00  2.5911E+02 -4.8830E-01  8.2547E-01  6.5087E-01  7.5815E-03  6.0947E-01
   66.00  2.5328E+02 -4.9957E-01  8.2010E-01  6.3399E-01  9.8292E-03  5.9216E-01
   67.00  2.4764E+02 -5.0953E-01  8.1488E-01  6.1647E-01  1.1465E-02  5.7469E-01
   68.00  2.4193E+02 -5.1982E-01  8.0895E-01  5.9780E-01  1.2600E-02  5.5649E-01
   69.00  2.3636E+02 -5.3139E-01  8.0210E-01  5.7800E-01  1.2775E-02  5.3750E-01
   70.00  2.3211E+02 -5.4362E-01  7.9563E-01  5.5842E-01  1.2133E-02  5.1902E-01
   71.00  2.2983E+02 -5.5533E-01  7.9089E-01  5.3977E-01  1.1666E-02  5.0168E-01
   72.00  2.2845E+02 -5.6624E-01  7.8746E-01  5.2064E-01  1.1549E-02  4.8406E-01
   73.00  2.2646E+02 -5.7729E-01  7.8384E-01  4.9949E-01  1.1187E-02  4.6436E-01
   74.00  2.2363E+02 -5.8937E-01  7.7941E-01  4.7664E-01  1.1226E-02  4.4260E-01
   75.00  2.2090E+02 -6.0174E-01  7.7482E-01  4.5367E-01  1.3041E-02  4.2023E-01
   76.00  2.1880E+02 -6.1262E-01  7.7093E-01  4.3172E-01  1.5905E-02  3.9847E-01
   77.00  2.1691E+02 -6.2141E-01  7.6784E-01  4.1085E-01  1.7350E-02  3.7736E-01
   78.00  2.1458E+02 -6.2905E-01  7.6497E-01  3.9016E-01  1.6870E-02  3.5645E-01
   79.00  2.1176E+02 -6.3601E-01  7.6153E-01  3.6844E-01  1.6625E-02  3.3564E-01
   80.00  2.0893E+02 -6.4168E-01  7.5719E-01  3.4505E-01  1.7956E-02  3.1516E-01
   81.00  2.0667E+02 -6.4614E-01  7.5233E-01  3.2036E-01  1.9563E-02  2.9469E-01
   82.00  2.0513E+02 -6.5065E-01  7.4762E-01  2.9487E-01  1.9926E-02  2.7300E-01
   83.00  2.0389E+02 -6.5580E-01  7.4323E-01  2.6829E-01  1.9405E-02  2.4883E-01
   84.00  2.0247E+02 -6.6058E-01  7.3901E-01  2.4044E-01  1.8919E-02  2.2227E-01
   85.00  2.0103E+02 -6.6431E-01  7.3524E-01  2.1274E-01  1.8456E-02  1.9525E-01
   86.00  2.0032E+02 -6.6792E-01  7.3253E-01  1.8769E-01  1.7908E-02  1.7029E-01
   87.00  2.0078E+02 -6.7232E-01  7.3093E-01  1.6611E-01  1.7909E-02  1.4847E-01
   88.00  2.0185E+02 -6.7659E-01  7.2962E-01  1.4581E-01  1.8862E-02  1.2851E-01
   89.00  2.0234E+02 -6.7878E-01  7.2787E-01  1.2385E-01  2.0066E-02  1.0831E-01
   90.00  2.0156E+02 -6.7811E-01  7.2569E-01  9.9282E-02  2.0416E-02  8.6931E-02
   91.00  1.9986E+02 -6.7547E-01  7.2334E-01  7.3600E-02  1.9307E-02  6.4998E-02
   92.00  1.9818E+02 -6.7234E-01  7.2058E-01  4.9087E-02  1.6871E-02  4.3854E-02
   93.00  1.9723E+02 -6.6963E-01  7.1713E-01  2.6995E-02  1.4007E-02  2.4357E-02
   94.00  1.9690E+02 -6.6714E-01  7.1323E-01  6.5174E-03  1.1978E-02  5.9373E-03
   95.00  1.9658E+02 -6.6399E-01  7.0958E-01 -1.4737E-02  1.1245E-02 -1.3291E-02
   96.00  1.9589E+02 -6.5979E-01  7.0677E-01 -3.8682E-02  1.0980E-02 -3.4969E-02
   97.00  1.9497E+02 -6.5527E-01  7.0488E-01 -6.4802E-02  1.0337E-02 -5.8811E-02
   98.00  1.9402E+02 -6.5106E-01  7.0336E-01 -9.0615E-02  9.7421E-03 -8.2789E-02
   99.00  1.9313E+02 -6.4647E-01  7.0163E-01 -1.1445E-01  1.0098E-02 -1.0513E-01
  100.00  1.9260E+02 -6.4037E-01  7.0007E-01 -1.3715E-01  1.1115E-02 -1.2575E-01
  101.00  1.9302E+02 -6.3291E-01  6.9974E-01 -1.6050E-01  1.1442E-02 -1.4572E-01
  102.00  1.9446E+02 -6.2528E-01  7.0055E-01 -1.8458E-01  1.0339E-02 -1.6570E-01
  103.00  1.9596E+02 -6.1797E-01  7.0072E-01 -2.0761E-01  8.4179E-03 -1.8523E-01
  104.00  1.9648E+02 -6.1055E-01  6.9915E-01 -2.2841E-01  6.8650E-03 -2.0376E-01
  105.00  1.9619E+02 -6.0256E-01  6.9722E-01 -2.4855E-01  6.6578E-03 -2.2217E-01
  106.00  1.9630E+02 -5.9371E-01  6.9723E-01 -2.7120E-01  8.0538E-03 -2.4274E-01
  107.00  1.9777E+02 -5.8384E-01  6.9982E-01 -2.9728E-01  1.0008E-02 -2.6631E-01
  108.00  2.0027E+02 -5.7332E-01  7.0344E-01 -3.2347E-01  1.0772E-02 -2.9006E-01
  109.00  2.0247E+02 -5.6281E-01  7.0612E-01 -3.4531E-01  9.8976E-03 -3.0972E-01
  110.00  2.0330E+02 -5.5195E-01  7.0654E-01 -3.6173E-01  8.7507E-03 -3.2380E-01
  111.00  2.0280E+02 -5.3932E-01  7.0445E-01 -3.7524E-01  8.1135E-03 -3.3427E-01
  112.00  2.0194E+02 -5.2457E-01  7.0106E-01 -3.8845E-01  6.2723E-03 -3.4376E-01
  113.00  2.0187E+02 -5.0960E-01  6.9880E-01 -4.0245E-01  1.3119E-03 -3.5403E-01
  114.00  2.0334E+02 -4.9658E-01  6.9953E-01 -4.1824E-01 -5.1190E-03 -3.6690E-01
  115.00  2.0641E+02 -4.8558E-01  7.0294E-01 -4.3682E-01 -8.9882E-03 -3.8359E-01
  116.00  2.1031E+02 -4.7529E-01  7.0714E-01 -4.5685E-01 -8.9813E-03 -4.0207E-01
  117.00  2.1392E+02 -4.6486E-01  7.1056E-01 -4.7502E-01 -7.6226E-03 -4.1804E-01
  118.00  2.1658E+02 -4.5394E-01  7.1291E-01 -4.8999E-01 -7.1422E-03 -4.2976E-01
  119.00  2.1836E+02 -4.4180E-01  7.1454E-01 -5.0345E-01 -6.9678E-03 -4.3958E-01
  120.00  2.1940E+02 -4.2781E-01  7.1541E-01 -5.1659E-01 -6.0251E-03 -4.4988E-01
  121.00  2.1985E+02 -4.1243E-01  7.1509E-01 -5.2827E-01 -5.2314E-03 -4.5985E-01
  122.00  2.2027E+02 -3.9665E-01  7.1375E-01 -5.3804E-01 -5.9196E-03 -4.6788E-01
  123.00  2.2159E+02 -3.8092E-01  7.1277E-01 -5.4845E-01 -7.0248E-03 -4.7521E-01
  124.00  2.2404E+02 -3.6551E-01  7.1350E-01 -5.6197E-01 -6.1716E-03 -4.8435E-01
  125.00  2.2674E+02 -3.5136E-01  7.1554E-01 -5.7726E-01 -3.5287E-03 -4.9505E-01
  126.00  2.2871E+02 -3.3945E-01  7.1701E-01 -5.9081E-01 -2.3958E-03 -5.0419E-01
  127.00  2.3003E+02 -3.2923E-01  7.1686E-01 -6.0113E-01 -5.4565E-03 -5.0960E-01
  128.00  2.3189E+02 -3.1907E-01  7.1644E-01 -6.0997E-01 -1.1794E-02 -5.1286E-01
  129.00  2.3541E+02 -3.0836E-01  7.1819E-01 -6.1937E-01 -1.8155E-02 -5.1772E-01
  130.00  2.4017E+02 -2.9787E-01  7.2255E-01 -6.2852E-01 -2.2230E-02 -5.2551E-01
  131.00  2.4417E+02 -2.8744E-01  7.2704E-01 -6.3441E-01 -2.3826E-02 -5.3297E-01
  132.00  2.4572E+02 -2.7536E-01  7.2899E-01 -6.3607E-01 -2.3698E-02 -5.3617E-01
  133.00  2.4574E+02 -2.6103E-01  7.2880E-01 -6.3740E-01 -2.2454E-02 -5.3598E-01
  134.00  2.4711E+02 -2.4685E-01  7.2973E-01 -6.4434E-01 -2.0375E-02 -5.3824E-01
  135.00  2.5114E+02 -2.3565E-01  7.3365E-01 -6.5785E-01 -1.7840E-02 -5.4621E-01
  136.00  2.5574E+02 -2.2713E-01  7.3791E-01 -6.7175E-01 -1.5862E-02 -5.5514E-01
  137.00  2.5797E+02 -2.1905E-01  7.3857E-01 -6.7965E-01 -1.5748E-02 -5.5813E-01
  138.00  2.5812E+02 -2.1020E-01  7.3570E-01 -6.8203E-01 -1.7780E-02 -5.5568E-01
  139.00  2.5966E+02 -2.0011E-01  7.3422E-01 -6.8520E-01 -2.0333E-02 -5.5608E-01
  140.00  2.6464E+02 -1.8814E-01  7.3821E-01 -6.9298E-01 -2.1121E-02 -5.6465E-01
  141.00  2.7064E+02 -1.7481E-01  7.4523E-01 -7.0120E-01 -1.9793E-02 -5.7538E-01
  142.00  2.7355E+02 -1.6223E-01  7.4942E-01 -7.0364E-01 -1.8228E-02 -5.7847E-01
  143.00  2.7306E+02 -1.5183E-01  7.4875E-01 -7.0046E-01 -1.8209E-02 -5.7270E-01
  144.00  2.7337E+02 -1.4331E-01  7.4745E-01 -6.9857E-01 -1.9536E-02 -5.6718E-01
  145.00  2.7808E+02 -1.3603E-01  7.5066E-01 -7.0353E-01 -2.0772E-02 -5.7043E-01
  146.00  2.8595E+02 -1.2954E-01  7.5727E-01 -7.1301E-01 -2.1339E-02 -5.7970E-01
  147.00  2.9263E+02 -1.2248E-01  7.6124E-01 -7.2116E-01 -2.1365E-02 -5.8573E-01
  148.00  2.9543E+02 -1.1383E-01  7.5889E-01 -7.2562E-01 -2.0717E-02 -5.8410E-01
  149.00  2.9520E+02 -1.0507E-01  7.5225E-01 -7.2793E-01 -2.0554E-02 -5.7782E-01
  150.00  2.9424E+02 -9.8326E-02  7.4628E-01 -7.3004E-01 -2.4127E-02 -5.7206E-01
  151.00  2.9401E+02 -9.2377E-02  7.4387E-01 -7.3222E-01 -3.2544E-02 -5.6904E-01
  152.00  2.9529E+02 -8.3616E-02  7.4483E-01 -7.3397E-01 -4.0994E-02 -5.6840E-01
  153.00  2.9920E+02 -7.1341E-02  7.4851E-01 -7.3544E-01 -4.2916E-02 -5.7000E-01
  154.00  3.0600E+02 -5.9578E-02  7.5424E-01 -7.3706E-01 -3.7185E-02 -5.7327E-01
  155.00  3.1300E+02 -5.2836E-02  7.5930E-01 -7.3854E-01 -2.8535E-02 -5.7522E-01
  156.00  3.1619E+02 -5.1114E-02  7.6025E-01 -7.3980E-01 -2.2514E-02 -5.7311E-01
  157.00  3.1533E+02 -4.8980E-02  7.5709E-01 -7.4235E-01 -2.2234E-02 -5.6887E-01
  158.00  3.1492E+02 -3.9981E-02  7.5394E-01 -7.4758E-01 -2.6544E-02 -5.6748E-01
  159.00  3.1839E+02 -2.5007E-02  7.5402E-01 -7.5315E-01 -2.9798E-02 -5.6944E-01
  160.00  3.2437E+02 -1.3413E-02  7.5549E-01 -7.5446E-01 -2.7877E-02 -5.6885E-01
  161.00  3.3045E+02 -1.1274E-02  7.5510E-01 -7.5071E-01 -2.3684E-02 -5.6202E-01
  162.00  3.3696E+02 -1.2921E-02  7.5313E-01 -7.4615E-01 -2.2728E-02 -5.5291E-01
  163.00  3.4411E+02 -8.7043E-03  7.5256E-01 -7.4491E-01 -2.5266E-02 -5.4803E-01
  164.00  3.4894E+02  9.1829E-04  7.5492E-01 -7.4710E-01 -2.6488E-02 -5.4937E-01
  165.00  3.4881E+02  5.4448E-03  7.5889E-01 -7.5055E-01 -2.2857E-02 -5.5401E-01
  166.00  3.4644E+02 -1.8929E-03  7.6182E-01 -7.5327E-01 -1.4943E-02 -5.5698E-01
  167.00  3.4824E+02 -1.4215E-02  7.6197E-01 -7.5350E-01 -6.3832E-03 -5.5398E-01
  168.00  3.5765E+02 -1.8277E-02  7.6079E-01 -7.5075E-01 -1.7188E-03 -5.4604E-01
  169.00  3.7124E+02 -1.0649E-02  7.6156E-01 -7.4749E-01 -2.9185E-03 -5.3966E-01
  170.00  3.8175E+02  1.5420E-03  7.6501E-01 -7.4720E-01 -7.4750E-03 -5.3946E-01
  171.00  3.8455E+02  1.2130E-02  7.6839E-01 -7.5078E-01 -1.0583E-02 -5.4330E-01
  172.00  3.8053E+02  1.9337E-02  7.6806E-01 -7.5540E-01 -8.7813E-03 -5.4449E-01
  173.00  3.7382E+02  2.0880E-02  7.6198E-01 -7.5669E-01 -2.6593E-03 -5.3661E-01
  174.00  3.7020E+02  1.4400E-02  7.5144E-01 -7.5306E-01  2.2759E-03 -5.1918E-01
  175.00  3.7700E+02  5.0600E-03  7.4275E-01 -7.4872E-01 -9.4096E-04 -5.0245E-01
  176.00  3.9685E+02  2.7174E-03  7.4306E-01 -7.4948E-01 -1.1856E-02 -4.9975E-01
  177.00  4.1877E+02  7.0441E-03  7.5095E-01 -7.5486E-01 -2.0251E-02 -5.0994E-01
  178.00  4.2556E+02  8.6220E-03  7.5837E-01 -7.5961E-01 -1.7653E-02 -5.1992E-01
  179.00  4.1601E+02  3.7829E-03  7.6081E-01 -7.6092E-01 -6.6030E-03 -5.2226E-01
  180.00  4.0872E+02  1.1303E-13  7.6067E-01 -7.6067E-01 -1.8824E-13 -5.2135E-01
 diffuse scattering matrix 
   theta     11          12          22          33          34          44     
    0.00  1.4167E+04 -3.5753E-06  9.9800E-01  9.9800E-01  7.6616E-06  9.9649E-01
    1.00  2.7046E+04 -2.5271E-03  9.9897E-01  9.9897E-01  5.2293E-03  9.9818E-01
    2.00  4.5538E+04 -4.0663E-03  9.9942E-01  9.9941E-01  7.5643E-03  9.9897E-01
    3.00  4.2369E+04 -4.6931E-03  9.9942E-01  9.9942E-01  7.0317E-03  9.9899E-01
    4.00  2.4899E+04 -4.3860E-03  9.9905E-01  9.9905E-01  2.8986E-03  9.9839E-01
    5.00  1.6954E+04 -4.7689E-03  9.9853E-01  9.9856E-01 -2.0319E-03  9.9757E-01
    6.00  2.0057E+04 -8.9325E-03  9.9869E-01  9.9872E-01  2.3504E-03  9.9782E-01
    7.00  1.9175E+04 -1.2936E-02  9.9867E-01  9.9863E-01  6.6014E-03  9.9772E-01
    8.00  1.1733E+04 -1.4761E-02  9.9799E-01  9.9781E-01  7.7493E-03  9.9645E-01
    9.00  7.4640E+03 -1.0119E-02  9.9691E-01  9.9655E-01  4.0406E-03  9.9449E-01
   10.00  8.8414E+03 -1.0225E-02  9.9731E-01  9.9699E-01  4.7402E-03  9.9524E-01
   11.00  9.5713E+03 -1.5846E-02  9.9749E-01  9.9722E-01  9.5309E-03  9.9562E-01
   12.00  7.1698E+03 -2.0375E-02  9.9669E-01  9.9645E-01  1.3974E-02  9.9439E-01
   13.00  4.9201E+03 -2.0722E-02  9.9517E-01  9.9488E-01  1.3714E-02  9.9189E-01
   14.00  4.5144E+03 -2.0886E-02  9.9461E-01  9.9399E-01  1.0084E-02  9.9070E-01
   15.00  4.4291E+03 -2.4739E-02  9.9441E-01  9.9344E-01  1.2037E-02  9.9009E-01
   16.00  3.7405E+03 -2.7427E-02  9.9325E-01  9.9229E-01  1.6777E-02  9.8831E-01
   17.00  3.0540E+03 -2.6709E-02  9.9147E-01  9.9101E-01  1.7163E-02  9.8598E-01
   18.00  2.7148E+03 -2.7249E-02  9.9015E-01  9.8996E-01  1.2628E-02  9.8425E-01
   19.00  2.4730E+03 -3.1524E-02  9.8912E-01  9.8855E-01  1.1038E-02  9.8248E-01
   20.00  2.2528E+03 -3.5942E-02  9.8804E-01  9.8707E-01  1.3738E-02  9.8061E-01
   21.00  2.1270E+03 -3.9075E-02  9.8727E-01  9.8621E-01  1.5414E-02  9.7944E-01
   22.00  1.9955E+03 -4.3695E-02  9.8649E-01  9.8503E-01  1.4283E-02  9.7800E-01
   23.00  1.7670E+03 -5.0768E-02  9.8485E-01  9.8246E-01  1.4142E-02  9.7493E-01
   24.00  1.5280E+03 -5.7040E-02  9.8231E-01  9.7923E-01  1.7659E-02  9.7080E-01
   25.00  1.3642E+03 -5.9492E-02  9.7968E-01  9.7687E-01  2.1410E-02  9.6723E-01
   26.00  1.2549E+03 -6.1368E-02  9.7737E-01  9.7495E-01  2.0309E-02  9.6405E-01
   27.00  1.1749E+03 -6.7291E-02  9.7528E-01  9.7226E-01  1.6470E-02  9.6038E-01
   28.00  1.1257E+03 -7.5822E-02  9.7354E-01  9.6926E-01  1.6235E-02  9.5687E-01
   29.00  1.0770E+03 -8.2513E-02  9.7181E-01  9.6667E-01  1.9935E-02  9.5395E-01
   30.00  9.9445E+02 -8.7093E-02  9.6922E-01  9.6396E-01  2.1749E-02  9.5039E-01
   31.00  9.0061E+02 -9.2779E-02  9.6574E-01  9.6062E-01  1.8458E-02  9.4547E-01
   32.00  8.3695E+02 -1.0144E-01  9.6261E-01  9.5709E-01  1.4033E-02  9.4043E-01
   33.00  7.9720E+02 -1.1138E-01  9.6040E-01  9.5350E-01  1.3360E-02  9.3609E-01
   34.00  7.4850E+02 -1.2077E-01  9.5778E-01  9.4909E-01  1.3904E-02  9.3096E-01
   35.00  6.8763E+02 -1.2997E-01  9.5359E-01  9.4358E-01  1.0198E-02  9.2378E-01
   36.00  6.3661E+02 -1.4005E-01  9.4867E-01  9.3782E-01  2.5111E-03  9.1595E-01
   37.00  6.0244E+02 -1.5098E-01  9.4466E-01  9.3231E-01 -2.5426E-03  9.0956E-01
   38.00  5.7255E+02 -1.6148E-01  9.4137E-01  9.2638E-01 -1.5449E-03  9.0388E-01
   39.00  5.4163E+02 -1.7013E-01  9.3759E-01  9.1990E-01  2.0048E-03  8.9709E-01
   40.00  5.1863E+02 -1.7659E-01  9.3372E-01  9.1417E-01  3.8290E-03  8.8993E-01
   41.00  5.0651E+02 -1.8270E-01  9.3095E-01  9.0989E-01  3.6829E-03  8.8431E-01
   42.00  4.9297E+02 -1.9089E-01  9.2859E-01  9.0521E-01  2.9758E-03  8.7891E-01
   43.00  4.6843E+02 -2.0135E-01  9.2483E-01  8.9814E-01  1.3114E-03  8.7074E-01
   44.00  4.4100E+02 -2.1208E-01  9.1986E-01  8.8961E-01 -1.5158E-03  8.6047E-01
   45.00  4.2373E+02 -2.2192E-01  9.1570E-01  8.8251E-01 -3.1126E-03  8.5220E-01
   46.00  4.1506E+02 -2.3283E-01  9.1250E-01  8.7684E-01 -2.0363E-03  8.4636E-01
   47.00  4.0280E+02 -2.4722E-01  9.0803E-01  8.6932E-01 -1.0024E-03  8.3829E-01
   48.00  3.8292E+02 -2.6440E-01  9.0145E-01  8.5832E-01 -2.6042E-03  8.2559E-01
   49.00  3.6331E+02 -2.8074E-01  8.9480E-01  8.4615E-01 -5.0933E-03  8.1163E-01
   50.00  3.5094E+02 -2.9329E-01  8.9020E-01  8.3615E-01 -5.2062E-03  8.0109E-01
   51.00  3.4429E+02 -3.0361E-01  8.8725E-01  8.2858E-01 -3.5174E-03  7.9395E-01
   52.00  3.3819E+02 -3.1616E-01  8.8422E-01  8.2078E-01 -2.5648E-03  7.8645E-01
   53.00  3.2999E+02 -3.3261E-01  8.8005E-01  8.1027E-01 -2.5959E-03  7.7555E-01
   54.00  3.2005E+02 -3.4934E-01  8.7452E-01  7.9701E-01 -3.0477E-03  7.6137E-01
   55.00  3.1007E+02 -3.6157E-01  8.6837E-01  7.8355E-01 -4.6960E-03  7.4694E-01
   56.00  3.0167E+02 -3.6995E-01  8.6318E-01  7.7219E-01 -7.1336E-03  7.3519E-01
   57.00  2.9492E+02 -3.8012E-01  8.5963E-01  7.6183E-01 -7.3760E-03  7.2512E-01
   58.00  2.8855E+02 -3.9552E-01  8.5648E-01  7.4949E-01 -4.0721E-03  7.1298E-01
   59.00  2.8191E+02 -4.1362E-01  8.5228E-01  7.3447E-01 -2.8869E-05  6.9732E-01
   60.00  2.7593E+02 -4.2975E-01  8.4734E-01  7.1898E-01  1.5683E-03  6.8068E-01
   61.00  2.7157E+02 -4.4207E-01  8.4299E-01  7.0506E-01  9.9039E-04  6.6597E-01
   62.00  2.6838E+02 -4.5240E-01  8.3944E-01  6.9259E-01  7.1247E-04  6.5320E-01
   63.00  2.6497E+02 -4.6345E-01  8.3564E-01  6.8002E-01  2.2098E-03  6.4021E-01
   64.00  2.6033E+02 -4.7611E-01  8.3078E-01  6.6593E-01  5.0125E-03  6.2527E-01
   65.00  2.5465E+02 -4.8903E-01  8.2525E-01  6.5003E-01  7.8000E-03  6.0848E-01
   66.00  2.4886E+02 -5.0044E-01  8.1987E-01  6.3316E-01  9.8755E-03  5.9110E-01
   67.00  2.4334E+02 -5.1025E-01  8.1463E-01  6.1578E-01  1.1439E-02  5.7375E-01
   68.00  2.3771E+02 -5.2002E-01  8.0867E-01  5.9734E-01  1.2395E-02  5.5581E-01
   69.00  2.3214E+02 -5.3103E-01  8.0183E-01  5.7779E-01  1.2174E-02  5.3712E-01
   70.00  2.2784E+02 -5.4306E-01  7.9548E-01  5.5846E-01  1.1228E-02  5.1897E-01
   71.00  2.2555E+02 -5.5488E-01  7.9095E-01  5.3995E-01  1.0860E-02  5.0193E-01
   72.00  2.2430E+02 -5.6595E-01  7.8773E-01  5.2088E-01  1.1050E-02  4.8448E-01
   73.00  2.2255E+02 -5.7716E-01  7.8429E-01  4.9982E-01  1.0852E-02  4.6482E-01
   74.00  2.2000E+02 -5.8948E-01  7.7993E-01  4.7712E-01  1.0909E-02  4.4298E-01
   75.00  2.1738E+02 -6.0212E-01  7.7530E-01  4.5419E-01  1.2802E-02  4.2045E-01
   76.00  2.1519E+02 -6.1314E-01  7.7128E-01  4.3216E-01  1.5843E-02  3.9843E-01
   77.00  2.1316E+02 -6.2191E-01  7.6812E-01  4.1129E-01  1.7499E-02  3.7715E-01
   78.00  2.1082E+02 -6.2940E-01  7.6525E-01  3.9084E-01  1.7289E-02  3.5634E-01
   79.00  2.0806E+02 -6.3613E-01  7.6181E-01  3.6937E-01  1.7354E-02  3.3582E-01
   80.00  2.0523E+02 -6.4152E-01  7.5736E-01  3.4593E-01  1.8815E-02  3.1548E-01
   81.00  2.0287E+02 -6.4569E-01  7.5233E-01  3.2095E-01  2.0184E-02  2.9490E-01
   82.00  2.0123E+02 -6.4998E-01  7.4745E-01  2.9533E-01  2.0093E-02  2.7309E-01
   83.00  2.0000E+02 -6.5500E-01  7.4299E-01  2.6903E-01  1.9227E-02  2.4906E-01
   84.00  1.9871E+02 -6.5979E-01  7.3881E-01  2.4163E-01  1.8608E-02  2.2282E-01
   85.00  1.9743E+02 -6.6364E-01  7.3508E-01  2.1408E-01  1.8069E-02  1.9590E-01
   86.00  1.9688E+02 -6.6739E-01  7.3233E-01  1.8867E-01  1.7453E-02  1.7060E-01
   87.00  1.9746E+02 -6.7193E-01  7.3065E-01  1.6641E-01  1.7596E-02  1.4811E-01
   88.00  1.9855E+02 -6.7632E-01  7.2928E-01  1.4548E-01  1.8981E-02  1.2754E-01
   89.00  1.9900E+02 -6.7862E-01  7.2749E-01  1.2322E-01  2.0629E-02  1.0711E-01
   90.00  1.9819E+02 -6.7796E-01  7.2527E-01  9.8864E-02  2.1108E-02  8.6040E-02
   91.00  1.9653E+02 -6.7521E-01  7.2292E-01  7.3792E-02  1.9829E-02  6.4763E-02
   92.00  1.9496E+02 -6.7194E-01  7.2029E-01  4.9857E-02  1.7177E-02  4.4199E-02
   93.00  1.9408E+02 -6.6912E-01  7.1706E-01  2.7916E-02  1.4221E-02  2.4897E-02
   94.00  1.9371E+02 -6.6650E-01  7.1332E-01  7.1920E-03  1.2241E-02  6.3537E-03
   95.00  1.9321E+02 -6.6316E-01  7.0961E-01 -1.4393E-02  1.1664E-02 -1.3076E-02
   96.00  1.9227E+02 -6.5882E-01  7.0645E-01 -3.8574E-02  1.1610E-02 -3.4896E-02
   97.00  1.9114E+02 -6.5430E-01  7.0411E-01 -6.4852E-02  1.1171E-02 -5.8794E-02
   98.00  1.9016E+02 -6.5029E-01  7.0233E-01 -9.0786E-02  1.0705E-02 -8.2750E-02
   99.00  1.8939E+02 -6.4594E-01  7.0066E-01 -1.1468E-01  1.0966E-02 -1.0505E-01
  100.00  1.8900E+02 -6.3988E-01  6.9939E-01 -1.3732E-01  1.1547E-02 -1.2567E-01
  101.00  1.8946E+02 -6.3226E-01  6.9937E-01 -1.6048E-01  1.1292E-02 -1.4561E-01
  102.00  1.9086E+02 -6.2448E-01  7.0035E-01 -1.8429E-01  9.8674E-03 -1.6538E-01
  103.00  1.9233E+02 -6.1721E-01  7.0052E-01 -2.0703E-01  8.0293E-03 -1.8454E-01
  104.00  1.9287E+02 -6.0995E-01  6.9880E-01 -2.2767E-01  6.7222E-03 -2.0268E-01
  105.00  1.9261E+02 -6.0207E-01  6.9663E-01 -2.4786E-01  6.6307E-03 -2.2087E-01
  106.00  1.9275E+02 -5.9326E-01  6.9643E-01 -2.7071E-01  7.9501E-03 -2.4146E-01
  107.00  1.9424E+02 -5.8343E-01  6.9892E-01 -2.9695E-01  9.8045E-03 -2.6529E-01
  108.00  1.9672E+02 -5.7294E-01  7.0258E-01 -3.2311E-01  1.0616E-02 -2.8943E-01
  109.00  1.9889E+02 -5.6240E-01  7.0535E-01 -3.4484E-01  9.8834E-03 -3.0950E-01
  110.00  1.9969E+02 -5.5154E-01  7.0589E-01 -3.6129E-01  8.7944E-03 -3.2391E-01
  111.00  1.9925E+02 -5.3904E-01  7.0398E-01 -3.7500E-01  8.1092E-03 -3.3461E-01
  112.00  1.9855E+02 -5.2460E-01  7.0089E-01 -3.8839E-01  6.2524E-03 -3.4416E-01
  113.00  1.9865E+02 -5.1005E-01  6.9902E-01 -4.0230E-01  1.3153E-03 -3.5425E-01
  114.00  2.0017E+02 -4.9738E-01  7.0007E-01 -4.1784E-01 -5.2391E-03 -3.6674E-01
  115.00  2.0316E+02 -4.8646E-01  7.0359E-01 -4.3635E-01 -9.4598E-03 -3.8312E-01
  116.00  2.0700E+02 -4.7592E-01  7.0776E-01 -4.5663E-01 -9.8409E-03 -4.0157E-01
  117.00  2.1066E+02 -4.6521E-01  7.1120E-01 -4.7511E-01 -8.6377E-03 -4.1777E-01
  118.00  2.1346E+02 -4.5421E-01  7.1373E-01 -4.9014E-01 -7.9542E-03 -4.2986E-01
  119.00  2.1530E+02 -4.4212E-01  7.1550E-01 -5.0340E-01 -7.3057E-03 -4.3998E-01
  120.00  2.1626E+02 -4.2809E-01  7.1622E-01 -5.1630E-01 -5.8605E-03 -4.5027E-01
  121.00  2.1656E+02 -4.1256E-01  7.1554E-01 -5.2787E-01 -4.7721E-03 -4.5992E-01
  122.00  2.1692E+02 -3.9668E-01  7.1409E-01 -5.3773E-01 -5.4826E-03 -4.6772E-01
  123.00  2.1832E+02 -3.8107E-01  7.1340E-01 -5.4836E-01 -6.8217E-03 -4.7514E-01
  124.00  2.2089E+02 -3.6592E-01  7.1447E-01 -5.6205E-01 -6.0918E-03 -4.8447E-01
  125.00  2.2364E+02 -3.5193E-01  7.1647E-01 -5.7731E-01 -3.2495E-03 -4.9513E-01
  126.00  2.2559E+02 -3.4004E-01  7.1767E-01 -5.9074E-01 -1.8831E-03 -5.0415E-01
  127.00  2.2693E+02 -3.2989E-01  7.1739E-01 -6.0099E-01 -5.1704E-03 -5.0963E-01
  128.00  2.2880E+02 -3.1983E-01  7.1703E-01 -6.0966E-01 -1.2080E-02 -5.1294E-01
  129.00  2.3215E+02 -3.0899E-01  7.1871E-01 -6.1867E-01 -1.8692E-02 -5.1746E-01
  130.00  2.3664E+02 -2.9811E-01  7.2288E-01 -6.2758E-01 -2.2517E-02 -5.2486E-01
  131.00  2.4046E+02 -2.8745E-01  7.2734E-01 -6.3387E-01 -2.3866E-02 -5.3255E-01
  132.00  2.4196E+02 -2.7550E-01  7.2943E-01 -6.3633E-01 -2.3719E-02 -5.3644E-01
  133.00  2.4187E+02 -2.6139E-01  7.2923E-01 -6.3806E-01 -2.2339E-02 -5.3657E-01
  134.00  2.4297E+02 -2.4715E-01  7.2986E-01 -6.4468E-01 -1.9944E-02 -5.3832E-01
  135.00  2.4670E+02 -2.3572E-01  7.3341E-01 -6.5756E-01 -1.7456E-02 -5.4543E-01
  136.00  2.5107E+02 -2.2716E-01  7.3748E-01 -6.7107E-01 -1.6113E-02 -5.5377E-01
  137.00  2.5325E+02 -2.1939E-01  7.3813E-01 -6.7891E-01 -1.6734E-02 -5.5664E-01
  138.00  2.5356E+02 -2.1089E-01  7.3536E-01 -6.8136E-01 -1.9145E-02 -5.5441E-01
  139.00  2.5525E+02 -2.0079E-01  7.3400E-01 -6.8455E-01 -2.1720E-02 -5.5517E-01
  140.00  2.6022E+02 -1.8846E-01  7.3801E-01 -6.9230E-01 -2.2240E-02 -5.6399E-01
  141.00  2.6611E+02 -1.7482E-01  7.4498E-01 -7.0062E-01 -2.0321E-02 -5.7483E-01
  142.00  2.6908E+02 -1.6228E-01  7.4921E-01 -7.0333E-01 -1.8146E-02 -5.7805E-01
  143.00  2.6885E+02 -1.5212E-01  7.4878E-01 -7.0048E-01 -1.8057E-02 -5.7251E-01
  144.00  2.6940E+02 -1.4370E-01  7.4777E-01 -6.9881E-01 -1.9908E-02 -5.6717E-01
  145.00  2.7421E+02 -1.3625E-01  7.5107E-01 -7.0379E-01 -2.1596E-02 -5.7042E-01
  146.00  2.8208E+02 -1.2955E-01  7.5758E-01 -7.1313E-01 -2.2051E-02 -5.7951E-01
  147.00  2.8863E+02 -1.2246E-01  7.6143E-01 -7.2105E-01 -2.1596E-02 -5.8537E-01
  148.00  2.9100E+02 -1.1397E-01  7.5889E-01 -7.2531E-01 -2.0431E-02 -5.8364E-01
  149.00  2.9010E+02 -1.0535E-01  7.5190E-01 -7.2754E-01 -1.9826E-02 -5.7724E-01
  150.00  2.8870E+02 -9.8623E-02  7.4550E-01 -7.2959E-01 -2.3144E-02 -5.7120E-01
  151.00  2.8870E+02 -9.2578E-02  7.4295E-01 -7.3166E-01 -3.1581E-02 -5.6787E-01
  152.00  2.9071E+02 -8.3414E-02  7.4418E-01 -7.3348E-01 -4.0100E-02 -5.6727E-01
  153.00  2.9518E+02 -7.0260E-02  7.4838E-01 -7.3539E-01 -4.1917E-02 -5.6947E-01
  154.00  3.0201E+02 -5.7702E-02  7.5462E-01 -7.3756E-01 -3.6127E-02 -5.7359E-01
  155.00  3.0879E+02 -5.1289E-02  7.6001E-01 -7.3929E-01 -2.7856E-02 -5.7606E-01
  156.00  3.1202E+02 -5.1010E-02  7.6106E-01 -7.4045E-01 -2.2632E-02 -5.7395E-01
  157.00  3.1142E+02 -4.9974E-02  7.5778E-01 -7.4276E-01 -2.2948E-02 -5.6942E-01
  158.00  3.1094E+02 -4.0713E-02  7.5426E-01 -7.4772E-01 -2.7063E-02 -5.6758E-01
  159.00  3.1373E+02 -2.5023E-02  7.5360E-01 -7.5296E-01 -2.9556E-02 -5.6878E-01
  160.00  3.1892E+02 -1.3617E-02  7.5418E-01 -7.5394E-01 -2.7014E-02 -5.6725E-01
  161.00  3.2466E+02 -1.2333E-02  7.5333E-01 -7.5008E-01 -2.2654E-02 -5.5998E-01
  162.00  3.3123E+02 -1.4268E-02  7.5175E-01 -7.4563E-01 -2.1781E-02 -5.5134E-01
  163.00  3.3840E+02 -9.4467E-03  7.5214E-01 -7.4447E-01 -2.4287E-02 -5.4741E-01
  164.00  3.4315E+02  9.8760E-04  7.5548E-01 -7.4665E-01 -2.5191E-02 -5.4959E-01
  165.00  3.4316E+02  5.9950E-03  7.6017E-01 -7.5032E-01 -2.1084E-02 -5.5499E-01
  166.00  3.4099E+02 -1.3478E-03  7.6341E-01 -7.5348E-01 -1.2867E-02 -5.5856E-01
  167.00  3.4252E+02 -1.4194E-02  7.6326E-01 -7.5391E-01 -4.3091E-03 -5.5548E-01
  168.00  3.5120E+02 -1.8915E-02  7.6121E-01 -7.5095E-01  2.6873E-04 -5.4657E-01
  169.00  3.6450E+02 -1.1251E-02  7.6104E-01 -7.4762E-01 -9.9687E-04 -5.3925E-01
  170.00  3.7568E+02  1.7654E-03  7.6413E-01 -7.4783E-01 -5.7630E-03 -5.3914E-01
  171.00  3.7950E+02  1.3013E-02  7.6795E-01 -7.5217E-01 -9.3539E-03 -5.4410E-01
  172.00  3.7577E+02  1.9818E-02  7.6862E-01 -7.5731E-01 -8.3789E-03 -5.4682E-01
  173.00  3.6852E+02  2.0137E-02  7.6352E-01 -7.5868E-01 -3.5552E-03 -5.4007E-01
  174.00  3.6449E+02  1.2810E-02  7.5344E-01 -7.5488E-01 -3.4922E-04 -5.2298E-01
  175.00  3.7166E+02  3.8645E-03  7.4460E-01 -7.5025E-01 -5.0017E-03 -5.0582E-01
  176.00  3.9176E+02  2.6291E-03  7.4409E-01 -7.5029E-01 -1.6032E-02 -5.0158E-01
  177.00  4.1217E+02  7.6777E-03  7.5016E-01 -7.5399E-01 -2.3364E-02 -5.0829E-01
  178.00  4.1539E+02  9.3153E-03  7.5483E-01 -7.5605E-01 -1.9424E-02 -5.1285E-01
  179.00  4.0195E+02  4.0818E-03  7.5434E-01 -7.5445E-01 -7.1748E-03 -5.0933E-01
  180.00  3.9299E+02  1.2212E-13  7.5282E-01 -7.5282E-01 -2.0424E-13 -5.0564E-01
 azimuthal averaged scattering matrix expansion coefficients
    n       11          44          12          34         22p         22m
    0  1.0000E+00  6.1415E-01  0.0000E+00  0.0000E+00  0.0000E+00  0.0000E+00
    1  1.6034E+00  2.0338E+00  0.0000E+00  0.0000E+00  0.0000E+00  0.0000E+00
    2  2.5507E+00  2.4143E+00 -4.1216E-01  4.9321E-03  3.2261E+00  4.4964E-01
    3  2.8639E+00  2.8967E+00 -6.7699E-02  1.1833E-02  3.1635E+00 -1.6314E-02
    4  3.2317E+00  3.2071E+00 -5.0985E-02 -2.6772E-03  3.4458E+00  2.4499E-02
    5  3.3749E+00  3.3898E+00 -5.0880E-02  2.2802E-02  3.5771E+00 -9.4587E-03
    6  3.4747E+00  3.4621E+00 -4.5052E-02  1.9121E-02  3.6284E+00  9.4890E-03
    7  3.4601E+00  3.4735E+00 -4.8064E-02  3.3777E-02  3.6024E+00 -6.5799E-03
    8  3.4380E+00  3.4253E+00 -3.8137E-02  2.6320E-02  3.5428E+00  8.5799E-03
    9  3.3442E+00  3.3505E+00 -4.4931E-02  3.1007E-02  3.4447E+00 -4.2044E-03
   10  3.2556E+00  3.2506E+00 -3.6781E-02  2.3920E-02  3.3338E+00  3.7035E-03
   11  3.1315E+00  3.1404E+00 -4.0447E-02  2.6370E-02  3.2060E+00 -4.2344E-03
   12  3.0167E+00  3.0041E+00 -2.9822E-02  2.2267E-02  3.0707E+00  7.3155E-03
   13  2.8647E+00  2.8692E+00 -3.6713E-02  2.1259E-02  2.9220E+00 -2.4805E-03
   14  2.7235E+00  2.7248E+00 -3.8186E-02  2.1670E-02  2.7686E+00  1.7244E-04
   15  2.5768E+00  2.5767E+00 -3.9810E-02  1.9168E-02  2.6186E+00 -4.5486E-05
   16  2.4312E+00  2.4308E+00 -3.7099E-02  2.1757E-02  2.4666E+00  1.0684E-03
   17  2.2833E+00  2.2796E+00 -3.8125E-02  1.7823E-02  2.3139E+00  1.7245E-03
   18  2.1386E+00  2.1429E+00 -3.6550E-02  2.2880E-02  2.1688E+00 -9.9721E-04
   19  2.0047E+00  2.0039E+00 -3.2050E-02  2.3482E-02  2.0279E+00  5.1524E-04
   20  1.8791E+00  1.8756E+00 -3.2738E-02  1.7593E-02  1.8984E+00  1.6277E-03
   21  1.7597E+00  1.7618E+00 -3.2512E-02  1.8359E-02  1.7781E+00 -1.4208E-03
   22  1.6595E+00  1.6608E+00 -3.3597E-02  1.4650E-02  1.6758E+00 -4.3568E-04
   23  1.5654E+00  1.5662E+00 -2.8575E-02  8.4233E-03  1.5799E+00 -5.9883E-05
   24  1.4836E+00  1.4747E+00 -2.2708E-02  9.4202E-03  1.4913E+00  4.1913E-03
   25  1.3846E+00  1.3868E+00 -3.3023E-02  8.0604E-03  1.3977E+00 -1.2972E-03
   26  1.3002E+00  1.3078E+00 -3.0909E-02  4.0420E-03  1.3121E+00 -2.6048E-03
   27  1.2333E+00  1.2251E+00 -2.2305E-02  5.3820E-03  1.2386E+00  4.4723E-03
   28  1.1595E+00  1.1610E+00 -1.5995E-02  6.8194E-03  1.1679E+00 -8.7042E-04
   29  1.0930E+00  1.0937E+00 -2.0644E-02  5.9036E-03  1.0994E+00 -5.7815E-05
   30  1.0406E+00  1.0355E+00 -1.6790E-02  9.2464E-03  1.0450E+00  2.9966E-03
   31  9.8594E-01  9.9550E-01 -2.3509E-02  1.0357E-02  9.9283E-01 -3.3078E-03
   32  9.5073E-01  9.4917E-01 -1.7395E-02  3.7081E-03  9.5739E-01  1.0076E-03
   33  9.0926E-01  9.0740E-01 -1.4126E-02  1.0254E-02  9.1252E-01  5.6109E-04
   34  8.6028E-01  8.5603E-01 -1.3283E-02  5.0096E-03  8.6158E-01  2.8550E-03
   35  7.8821E-01  8.0019E-01 -2.2425E-02  1.0127E-02  8.0056E-01 -5.9710E-03
   36  7.2538E-01  7.1562E-01 -1.2499E-02  6.4165E-03  7.2449E-01  5.5965E-03
   37  6.3978E-01  6.4140E-01 -2.0632E-02  1.1034E-02  6.4728E-01 -1.9258E-03
   38  5.5914E-01  5.6335E-01 -2.0975E-02  1.4627E-02  5.6472E-01 -2.8735E-03
   39  4.8106E-01  4.7639E-01 -1.6535E-02  1.4019E-02  4.8366E-01  3.1493E-03
   40  4.0025E-01  3.9818E-01 -2.0400E-02  1.4822E-02  4.0343E-01  4.7226E-05
   41  3.1622E-01  3.2255E-01 -1.8528E-02  1.5212E-02  3.2455E-01 -3.8824E-03
   42  2.5522E-01  2.4706E-01 -2.0457E-02  1.3162E-02  2.5398E-01  4.6048E-03
   43  1.8457E-01  1.9196E-01 -1.7077E-02  1.0632E-02  1.9244E-01 -3.7762E-03
   44  1.5190E-01  1.4163E-01 -1.6895E-02  1.3294E-02  1.4733E-01  4.9130E-03
   45  9.8907E-02  1.1606E-01 -1.0446E-02  1.1743E-02  1.0962E-01 -8.4679E-03
   46  9.2720E-02  6.9421E-02 -8.9773E-03  1.2188E-02  8.1872E-02  1.1142E-02
   47  4.8075E-02  6.6841E-02 -6.7070E-03  1.5071E-02  5.8687E-02 -8.7887E-03
   48  5.0124E-02  4.1649E-02 -5.0063E-03  1.0904E-02  4.5323E-02  4.6951E-03
   49  3.6177E-02  3.3041E-02  2.4718E-03  1.6547E-02  3.6060E-02  1.2374E-03
   50  1.8442E-02  2.2787E-02 -4.1856E-03  1.6762E-02  2.1083E-02 -2.1628E-03
   51  1.1854E-02  7.6117E-03 -4.1087E-04  1.5693E-02  1.0557E-02  1.2171E-03
   52 -4.5004E-03 -3.3674E-03  2.5568E-03  1.7332E-02 -3.5734E-03 -1.4066E-03
   53 -1.2342E-02 -2.1448E-02  3.6265E-03  1.4373E-02 -1.7101E-02  3.6584E-03
   54 -4.3119E-02 -3.4274E-02 -1.5640E-03  1.5832E-02 -3.6230E-02 -5.0528E-03
   55 -4.8061E-02 -5.2837E-02  1.9459E-03  1.6019E-02 -5.1748E-02  2.3046E-03
   56 -6.7285E-02 -6.8221E-02 -3.1263E-03  1.6734E-02 -6.5572E-02 -2.8788E-05
   57 -7.1558E-02 -6.5517E-02 -2.8701E-03  1.9836E-02 -7.0628E-02 -3.5331E-03
   58 -6.4320E-02 -6.7338E-02 -3.4894E-03  1.6527E-02 -6.4693E-02  1.3368E-03
   59 -4.1001E-02 -4.1493E-02  4.5286E-05  2.1061E-02 -4.3309E-02 -4.2646E-04
   60 -1.4717E-02 -1.1674E-02  5.8586E-03  1.0969E-02 -1.3381E-02 -1.9889E-03
   61  2.3265E-02  1.4147E-02  3.7368E-03  1.6927E-02  1.6820E-02  3.9746E-03
   62  3.2132E-02  4.6487E-02  6.5973E-03  1.1447E-02  3.9094E-02 -7.2873E-03
   63  5.7159E-02  4.2315E-02  6.2271E-04  1.7091E-02  4.9577E-02  8.1301E-03
   64  3.7985E-02  4.7994E-02  5.9303E-03  1.5740E-02  4.3072E-02 -5.5173E-03
   65  2.0542E-02  1.6521E-02  5.2918E-04  1.9726E-02  2.0063E-02  1.4317E-03
   66 -2.2343E-02 -2.7148E-02  5.1218E-03  2.0780E-02 -2.3560E-02  2.4252E-03
   67 -8.7623E-02 -8.3315E-02 -4.5867E-03  2.3479E-02 -8.3543E-02 -2.7021E-03
   68 -1.6718E-01 -1.6663E-01 -2.7178E-03  2.4624E-02 -1.6402E-01 -6.8403E-04
   69 -2.6821E-01 -2.7546E-01 -7.3097E-03  2.8097E-02 -2.6848E-01  3.1562E-03
   70 -4.0859E-01 -3.9924E-01 -1.4715E-02  2.8941E-02 -4.0045E-01 -5.0496E-03
   71 -5.5319E-01 -5.6221E-01 -1.5554E-02  3.0191E-02 -5.5281E-01  4.4493E-03
   72 -7.2484E-01 -7.1997E-01 -2.0141E-02  3.2878E-02 -7.1873E-01 -2.7184E-03
   73 -8.9576E-01 -8.9824E-01 -1.8027E-02  3.6853E-02 -8.9216E-01  1.4157E-03
   74 -1.0753E+00 -1.0795E+00 -2.2444E-02  3.8214E-02 -1.0729E+00  2.5700E-03
   75 -1.2650E+00 -1.2598E+00 -2.3726E-02  4.5128E-02 -1.2585E+00 -2.2322E-03
   76 -1.4513E+00 -1.4558E+00 -2.6076E-02  4.7585E-02 -1.4489E+00  2.2059E-03
   77 -1.6452E+00 -1.6465E+00 -2.9931E-02  5.2497E-02 -1.6421E+00  3.5793E-04
   78 -1.8367E+00 -1.8339E+00 -3.3783E-02  5.4723E-02 -1.8308E+00 -1.6810E-03
   79 -2.0118E+00 -2.0174E+00 -3.8230E-02  5.6123E-02 -2.0110E+00  2.2631E-03
   80 -2.1784E+00 -2.1735E+00 -3.9876E-02  5.4110E-02 -2.1728E+00 -2.6589E-03
   81 -2.3100E+00 -2.3145E+00 -4.3632E-02  5.3364E-02 -2.3097E+00  2.1924E-03
   82 -2.4215E+00 -2.4153E+00 -4.2346E-02  4.8883E-02 -2.4168E+00 -3.1904E-03
   83 -2.4896E+00 -2.4922E+00 -4.2878E-02  4.3648E-02 -2.4903E+00  1.5897E-03
   84 -2.5333E+00 -2.5298E+00 -3.7188E-02  3.7995E-02 -2.5317E+00 -1.3730E-03
   85 -2.5412E+00 -2.5416E+00 -3.4846E-02  3.3893E-02 -2.5423E+00  6.0746E-04
   86 -2.5258E+00 -2.5238E+00 -2.9635E-02  2.9572E-02 -2.5261E+00 -7.1582E-04
   87 -2.4796E+00 -2.4806E+00 -2.6527E-02  2.7850E-02 -2.4821E+00  7.5731E-04
   88 -2.4101E+00 -2.4081E+00 -2.2427E-02  2.4911E-02 -2.4116E+00 -7.7623E-04
   89 -2.3097E+00 -2.3103E+00 -1.9380E-02  2.1666E-02 -2.3132E+00  4.1320E-04
   90 -2.1844E+00 -2.1841E+00 -1.3487E-02  1.9235E-02 -2.1878E+00  4.9950E-05
   91 -2.0347E+00 -2.0342E+00 -1.0145E-02  1.6350E-02 -2.0384E+00  2.0998E-04
   92 -1.8655E+00 -1.8649E+00 -5.5227E-03  1.4048E-02 -1.8696E+00  3.1461E-04
   93 -1.6818E+00 -1.6818E+00 -1.7153E-03  1.1562E-02 -1.6862E+00  6.3331E-04
   94 -1.4916E+00 -1.4901E+00  1.8194E-03  9.6425E-03 -1.4953E+00 -1.1544E-04
   95 -1.2990E+00 -1.2998E+00  4.6382E-03  8.6036E-03 -1.3036E+00  7.4581E-04
   96 -1.1137E+00 -1.1127E+00  6.4738E-03  6.7723E-03 -1.1173E+00 -3.5634E-04
   97 -9.3656E-01 -9.3732E-01  7.8860E-03  5.8959E-03 -9.4054E-01  4.5369E-04
   98 -7.7468E-01 -7.7414E-01  9.4056E-03  4.1617E-03 -7.7777E-01 -2.8966E-04
   99 -6.2822E-01 -6.2932E-01  9.5932E-03  3.5627E-03 -6.3164E-01  4.6627E-04
  100 -5.0211E-01 -5.0138E-01  9.8301E-03  2.7443E-03 -5.0418E-01 -4.5910E-04
  101 -3.9351E-01 -3.9431E-01  9.0167E-03  2.5147E-03 -3.9592E-01  3.2120E-04
  102 -3.0478E-01 -3.0438E-01  8.1476E-03  2.1834E-03 -3.0623E-01 -2.7515E-04
  103 -2.3195E-01 -2.3224E-01  6.9834E-03  1.8474E-03 -2.3338E-01  8.7753E-05
  104 -1.7423E-01 -1.7421E-01  5.9531E-03  1.6162E-03 -1.7525E-01 -5.2140E-05
  105 -1.2874E-01 -1.2882E-01  4.9917E-03  1.2415E-03 -1.2954E-01  3.9841E-06
  106 -9.3666E-02 -9.3693E-02  4.0171E-03  1.1090E-03 -9.4275E-02 -1.9752E-05
  107 -6.7084E-02 -6.7045E-02  3.1543E-03  9.1715E-04 -6.7496E-02 -5.1194E-05
  108 -4.7202E-02 -4.7191E-02  2.3799E-03  7.2282E-04 -4.7521E-02 -3.4450E-05
  109 -3.2619E-02 -3.2603E-02  1.7715E-03  5.6469E-04 -3.2837E-02 -2.7244E-05
  110 -2.2111E-02 -2.2074E-02  1.2755E-03  3.8511E-04 -2.2257E-02 -3.3448E-05
  111 -1.4655E-02 -1.4650E-02  9.0756E-04  2.5579E-04 -1.4766E-02 -1.1510E-05
  112 -9.5157E-03 -9.4996E-03  6.3168E-04  1.5405E-04 -9.5817E-03 -1.3183E-05
  113 -6.0296E-03 -6.0241E-03  4.3299E-04  8.5765E-05 -6.0796E-03 -6.5696E-06
  114 -3.7337E-03 -3.7192E-03  2.8325E-04  4.0306E-05 -3.7552E-03 -9.5614E-06
  115 -2.2286E-03 -2.2385E-03  1.9509E-04  1.2298E-05 -2.2572E-03  3.3112E-06
  116 -1.3012E-03 -1.2861E-03  1.2608E-04 -2.9188E-06 -1.3042E-03 -8.1434E-06
  117 -7.1585E-04 -7.2228E-04  8.6003E-05 -3.8309E-06 -7.2784E-04  2.8886E-06
  118 -3.9278E-04 -3.8866E-04  5.2494E-05 -3.1695E-06 -3.9424E-04 -2.2524E-06
  119 -2.1409E-04 -2.1055E-04  2.9125E-05  1.1752E-06 -2.1454E-04 -2.0755E-06
  120 -1.1752E-04 -1.1975E-04  1.6026E-05  1.6215E-06 -1.1967E-04  8.2125E-07
  121 -6.9439E-05 -6.6159E-05  8.3811E-06  1.4021E-06 -6.8556E-05 -1.7812E-06
  122 -3.7033E-05 -3.9107E-05  4.9654E-06  2.1797E-07 -3.8263E-05  1.0448E-06
  123 -2.0274E-05 -1.9102E-05  3.4761E-06 -2.5863E-07 -2.0032E-05 -6.0639E-07
  124 -9.3239E-06 -9.6888E-06  1.6117E-06 -3.7578E-07 -9.5009E-06  1.9777E-07
  125 -4.2860E-06 -4.1476E-06  9.5466E-07 -2.5769E-07 -4.2984E-06 -6.8853E-08
  126 -1.8915E-06 -1.7540E-06  4.0229E-07 -1.5136E-07 -1.8424E-06 -6.0828E-08
  127 -8.3109E-07 -8.3474E-07  2.4200E-07 -6.4796E-08 -8.4736E-07  5.6761E-09
  128 -4.2071E-07 -4.5923E-07  1.3499E-07  1.5441E-09 -4.4918E-07  2.3534E-08
  129 -2.7126E-07 -2.3387E-07  2.6998E-08 -2.8079E-09 -2.6324E-07 -1.2895E-08
  130 -1.2602E-07 -9.2101E-08 -1.2607E-08 -3.9755E-08 -1.0353E-07 -1.4293E-08
  131  5.3310E-08  1.7769E-08  8.8109E-09 -3.3676E-08  3.4026E-08  1.7546E-08
  132  1.0257E-07  1.1118E-07  2.8444E-08 -2.5441E-08  1.0783E-07 -4.3306E-09
  133  8.6656E-08  9.4972E-08  7.4700E-09  5.1778E-09  9.2611E-08 -4.6064E-09
  134  3.2076E-08  3.0351E-08 -6.7453E-09  1.5692E-08  3.1527E-08  1.5079E-10
  135 -1.3535E-08 -1.3895E-08 -1.0935E-08  1.1187E-08 -1.3628E-08 -6.5617E-11
  136 -2.5935E-08 -2.3848E-08 -7.6209E-09  1.3484E-09 -2.4868E-08 -8.2487E-10
  137 -1.2303E-08 -1.4341E-08 -1.5217E-09 -4.4574E-09 -1.3851E-08  1.1940E-09
  138  1.2417E-09  1.4551E-10  3.2058E-09 -2.9372E-09  5.7922E-10  5.9680E-10
  139  5.4191E-09  6.4508E-09  7.5192E-10 -1.9439E-09  6.0010E-09 -5.3800E-10
  140  4.1216E-09  4.4669E-09 -6.1293E-10  4.5590E-10  4.3367E-09 -2.1459E-10
  141  1.6293E-09  1.3362E-09 -1.7001E-10  6.4933E-10  1.5207E-09  1.3408E-10
  142 -5.9212E-10 -4.3108E-10 -2.3610E-10  6.9921E-10 -5.1050E-10 -6.5831E-11
  143 -7.1831E-10 -8.3997E-10  4.6005E-11  2.1241E-10 -8.0451E-10  5.9755E-11
  144 -4.7109E-10 -4.0815E-10  1.4233E-10  4.1164E-10 -4.4807E-10 -3.7054E-11
  145 -1.0087E-10 -5.7233E-11  3.5879E-11 -8.2611E-11 -8.3443E-11 -1.4671E-11
  146  1.1783E-10  1.3504E-10 -1.8783E-11  2.8373E-10  1.2523E-10 -7.4583E-12
  147  7.9212E-11  8.7168E-11 -3.7010E-11 -5.5685E-11  8.3624E-11 -2.4559E-12
  148  5.8417E-11  2.9211E-11  1.8772E-11  2.2156E-11  4.4738E-11  1.5419E-11
  149 -4.1973E-12 -1.3085E-11 -3.9140E-11 -2.5543E-11 -7.9883E-12  3.9196E-12
  150 -2.7796E-11 -6.3244E-12 -3.2696E-11 -5.2878E-11 -1.6755E-11 -1.0527E-11
  151  1.1612E-12  6.0262E-14 -6.3646E-12 -1.3448E-12  4.4542E-13  7.7341E-13
  152  5.6901E-12  2.2740E-12 -1.4411E-11 -5.0851E-12  3.9612E-12  1.7814E-12
  153  1.0581E-12  1.1092E-12 -6.1773E-13 -6.2103E-13  9.7961E-13 -4.0638E-14
  154  1.5780E-12  1.0588E-12 -3.9370E-12 -1.3717E-12  1.4470E-12  2.7519E-13
  155  1.3808E-13  1.3905E-13 -1.6395E-14 -1.0620E-13  1.2060E-13  9.4492E-15
  156  5.5270E-13 -2.0652E-13  5.8222E-13 -2.2436E-13  1.5027E-13  3.7574E-13
  157 -4.5527E-14 -6.4487E-14  3.4268E-14 -5.4883E-14 -5.4375E-14  6.5306E-15
  158 -2.5230E-13 -1.0518E-13  2.0180E-13 -2.8742E-13 -1.8176E-13 -7.4536E-14
  159 -5.6783E-15 -4.9633E-15 -9.8775E-15 -1.1048E-14 -5.1574E-15 -7.3758E-16
  160 -3.9469E-14 -1.9094E-14  1.5975E-14 -1.0794E-14 -2.9404E-14 -8.5934E-15
