    0.00  2.2521E+03 -1.8125E-06  9.9626E-01  9.9626E-01  6.1038E-07  9.9387E-01
    1.00  2.7140E+03 -2.1952E-03  9.9687E-01  9.9687E-01  7.6121E-04  9.9488E-01
    2.00  3.8586E+03 -5.4166E-03  9.9775E-01  9.9776E-01  2.0466E-03  9.9633E-01
    3.00  5.0977E+03 -7.3249E-03  9.9825E-01  9.9826E-01  3.1813E-03  9.9714E-01
    4.00  5.8271E+03 -8.0165E-03  9.9841E-01  9.9843E-01  4.2381E-03  9.9742E-01
    5.00  5.7429E+03 -7.6081E-03  9.9833E-01  9.9837E-01  5.3114E-03  9.9730E-01
    6.00  4.9634E+03 -5.9025E-03  9.9801E-01  9.9809E-01  6.3882E-03  9.9680E-01
    7.00  3.9038E+03 -2.7819E-03  9.9741E-01  9.9753E-01  7.3406E-03  9.9584E-01
    8.00  3.0083E+03  5.3224E-04  9.9659E-01  9.9673E-01  8.0297E-03  9.9448E-01
    9.00  2.5159E+03  3.7056E-04  9.9586E-01  9.9593E-01  8.7239E-03  9.9318E-01
   10.00  2.3895E+03 -5.4297E-03  9.9555E-01  9.9545E-01  1.0185E-02  9.9249E-01
   11.00  2.4175E+03 -1.3683E-02  9.9547E-01  9.9515E-01  1.2663E-02  9.9216E-01
   12.00  2.3886E+03 -2.0686E-02  9.9524E-01  9.9472E-01  1.5690E-02  9.9161E-01
   13.00  2.2177E+03 -2.4765E-02  9.9466E-01  9.9397E-01  1.8580E-02  9.9055E-01
   14.00  1.9568E+03 -2.5164E-02  9.9374E-01  9.9294E-01  2.0453E-02  9.8901E-01
   15.00  1.7156E+03 -2.2185E-02  9.9268E-01  9.9188E-01  2.0425E-02  9.8738E-01
   16.00  1.5666E+03 -1.8479E-02  9.9187E-01  9.9115E-01  1.8644E-02  9.8627E-01
   17.00  1.5021E+03 -1.7766E-02  9.9146E-01  9.9082E-01  1.6776E-02  9.8583E-01
   18.00  1.4600E+03 -2.1354E-02  9.9119E-01  9.9052E-01  1.6352E-02  9.8550E-01
   19.00  1.3803E+03 -2.8086E-02  9.9066E-01  9.8981E-01  1.7528E-02  9.8461E-01
   20.00  1.2469E+03 -3.6420E-02  9.8959E-01  9.8846E-01  1.9619E-02  9.8274E-01
   21.00  1.0886E+03 -4.5161E-02  9.8794E-01  9.8644E-01  2.1792E-02  9.7983E-01
   22.00  9.4806E+02 -5.3242E-02  9.8594E-01  9.8401E-01  2.3479E-02  9.7628E-01
   23.00  8.4960E+02 -5.9777E-02  9.8401E-01  9.8169E-01  2.4777E-02  9.7286E-01
   24.00  7.8778E+02 -6.4625E-02  9.8237E-01  9.7976E-01  2.6368E-02  9.7004E-01
   25.00  7.3948E+02 -6.8420E-02  9.8078E-01  9.7796E-01  2.8696E-02  9.6744E-01
   26.00  6.8480E+02 -7.1940E-02  9.7878E-01  9.7578E-01  3.1449E-02  9.6429E-01
   27.00  6.1958E+02 -7.5813E-02  9.7610E-01  9.7284E-01  3.3762E-02  9.6007E-01
   28.00  5.5329E+02 -8.0650E-02  9.7291E-01  9.6911E-01  3.4716E-02  9.5483E-01
   29.00  4.9767E+02 -8.6947E-02  9.6976E-01  9.6499E-01  3.3998E-02  9.4927E-01
   30.00  4.5708E+02 -9.4565E-02  9.6721E-01  9.6098E-01  3.2348E-02  9.4423E-01
   31.00  4.2691E+02 -1.0248E-01  9.6519E-01  9.5731E-01  3.0969E-02  9.3995E-01
   32.00  3.9911E+02 -1.0943E-01  9.6305E-01  9.5372E-01  3.0343E-02  9.3588E-01
   33.00  3.6893E+02 -1.1471E-01  9.6007E-01  9.4987E-01  2.9844E-02  9.3132E-01
   34.00  3.3764E+02 -1.1876E-01  9.5599E-01  9.4562E-01  2.8287E-02  9.2598E-01
   35.00  3.1022E+02 -1.2325E-01  9.5125E-01  9.4115E-01  2.4906E-02  9.2020E-01
   36.00  2.9085E+02 -1.3038E-01  9.4687E-01  9.3678E-01  2.0286E-02  9.1468E-01
   37.00  2.7985E+02 -1.4121E-01  9.4367E-01  9.3257E-01  1.6292E-02  9.0978E-01
   38.00  2.7376E+02 -1.5461E-01  9.4159E-01  9.2824E-01  1.4669E-02  9.0523E-01
   39.00  2.6789E+02 -1.6831E-01  9.3987E-01  9.2339E-01  1.5820E-02  9.0037E-01
   40.00  2.5897E+02 -1.8052E-01  9.3767E-01  9.1782E-01  1.8904E-02  8.9470E-01
   41.00  2.4655E+02 -1.9081E-01  9.3456E-01  9.1156E-01  2.2560E-02  8.8808E-01
   42.00  2.3235E+02 -2.0016E-01  9.3061E-01  9.0476E-01  2.5580E-02  8.8065E-01
   43.00  2.1876E+02 -2.1036E-01  9.2629E-01  8.9756E-01  2.7443E-02  8.7262E-01
   44.00  2.0744E+02 -2.2282E-01  9.2224E-01  8.9002E-01  2.8578E-02  8.6418E-01
   45.00  1.9871E+02 -2.3746E-01  9.1884E-01  8.8210E-01  3.0022E-02  8.5537E-01
   46.00  1.9182E+02 -2.5262E-01  9.1601E-01  8.7384E-01  3.2563E-02  8.4625E-01
   47.00  1.8564E+02 -2.6622E-01  9.1325E-01  8.6536E-01  3.6065E-02  8.3688E-01
   48.00  1.7934E+02 -2.7715E-01  9.0998E-01  8.5682E-01  3.9506E-02  8.2735E-01
   49.00  1.7262E+02 -2.8582E-01  9.0577E-01  8.4821E-01  4.1599E-02  8.1761E-01
   50.00  1.6573E+02 -2.9384E-01  9.0050E-01  8.3931E-01  4.1567E-02  8.0744E-01
   51.00  1.5912E+02 -3.0297E-01  8.9439E-01  8.2974E-01  3.9611E-02  7.9646E-01
   52.00  1.5321E+02 -3.1413E-01  8.8794E-01  8.1920E-01  3.6803E-02  7.8438E-01
   53.00  1.4814E+02 -3.2689E-01  8.8166E-01  8.0771E-01  3.4407E-02  7.7126E-01
   54.00  1.4381E+02 -3.3999E-01  8.7596E-01  7.9565E-01  3.3104E-02  7.5756E-01
   55.00  1.3995E+02 -3.5222E-01  8.7094E-01  7.8359E-01  3.2661E-02  7.4399E-01
   56.00  1.3627E+02 -3.6322E-01  8.6646E-01  7.7194E-01  3.2249E-02  7.3118E-01
   57.00  1.3262E+02 -3.7345E-01  8.6229E-01  7.6083E-01  3.1094E-02  7.1947E-01
   58.00  1.2900E+02 -3.8372E-01  8.5821E-01  7.5010E-01  2.9005E-02  7.0881E-01
   59.00  1.2550E+02 -3.9467E-01  8.5414E-01  7.3945E-01  2.6499E-02  6.9883E-01
   60.00  1.2225E+02 -4.0649E-01  8.5006E-01  7.2857E-01  2.4516E-02  6.8893E-01
   61.00  1.1927E+02 -4.1898E-01  8.4591E-01  7.1718E-01  2.3905E-02  6.7840E-01
   62.00  1.1649E+02 -4.3181E-01  8.4155E-01  7.0489E-01  2.4983E-02  6.6655E-01
   63.00  1.1374E+02 -4.4469E-01  8.3670E-01  6.9126E-01  2.7359E-02  6.5282E-01
   64.00  1.1090E+02 -4.5734E-01  8.3104E-01  6.7587E-01  3.0073E-02  6.3698E-01
   65.00  1.0792E+02 -4.6942E-01  8.2442E-01  6.5855E-01  3.1947E-02  6.1923E-01
   66.00  1.0488E+02 -4.8060E-01  8.1696E-01  6.3963E-01  3.2029E-02  6.0027E-01
   67.00  1.0196E+02 -4.9071E-01  8.0912E-01  6.1999E-01  3.0014E-02  5.8109E-01
   68.00  9.9347E+01 -4.9999E-01  8.0160E-01  6.0076E-01  2.6493E-02  5.6268E-01
   69.00  9.7148E+01 -5.0903E-01  7.9508E-01  5.8279E-01  2.2845E-02  5.4558E-01
   70.00  9.5366E+01 -5.1850E-01  7.8996E-01  5.6629E-01  2.0710E-02  5.2964E-01
   71.00  9.3896E+01 -5.2878E-01  7.8616E-01  5.5063E-01  2.1241E-02  5.1410E-01
   72.00  9.2578E+01 -5.3973E-01  7.8322E-01  5.3476E-01  2.4554E-02  4.9803E-01
   73.00  9.1272E+01 -5.5084E-01  7.8050E-01  5.1768E-01  2.9655E-02  4.8068E-01
   74.00  8.9899E+01 -5.6158E-01  7.7742E-01  4.9885E-01  3.4877E-02  4.6181E-01
   75.00  8.8463E+01 -5.7174E-01  7.7369E-01  4.7832E-01  3.8584E-02  4.4166E-01
   76.00  8.7034E+01 -5.8144E-01  7.6934E-01  4.5654E-01  3.9835E-02  4.2075E-01
   77.00  8.5707E+01 -5.9097E-01  7.6465E-01  4.3413E-01  3.8723E-02  3.9965E-01
   78.00  8.4559E+01 -6.0047E-01  7.5998E-01  4.1161E-01  3.6247E-02  3.7867E-01
   79.00  8.3612E+01 -6.0974E-01  7.5556E-01  3.8919E-01  3.3771E-02  3.5783E-01
   80.00  8.2826E+01 -6.1833E-01  7.5139E-01  3.6680E-01  3.2355E-02  3.3680E-01
   81.00  8.2118E+01 -6.2583E-01  7.4730E-01  3.4417E-01  3.2312E-02  3.1514E-01
   82.00  8.1408E+01 -6.3212E-01  7.4310E-01  3.2097E-01  3.3186E-02  2.9251E-01
   83.00  8.0658E+01 -6.3745E-01  7.3879E-01  2.9698E-01  3.4095E-02  2.6883E-01
   84.00  7.9894E+01 -6.4233E-01  7.3465E-01  2.7221E-01  3.4224E-02  2.4442E-01
   85.00  7.9184E+01 -6.4722E-01  7.3116E-01  2.4694E-01  3.3218E-02  2.1992E-01
   86.00  7.8599E+01 -6.5231E-01  7.2879E-01  2.2159E-01  3.1331E-02  1.9598E-01
   87.00  7.8165E+01 -6.5749E-01  7.2771E-01  1.9655E-01  2.9263E-02  1.7298E-01
   88.00  7.7842E+01 -6.6235E-01  7.2769E-01  1.7191E-01  2.7806E-02  1.5083E-01
   89.00  7.7545E+01 -6.6644E-01  7.2811E-01  1.4742E-01  2.7465E-02  1.2897E-01
   90.00  7.7182E+01 -6.6934E-01  7.2820E-01  1.2265E-01  2.8264E-02  1.0672E-01
   91.00  7.6704E+01 -6.7076E-01  7.2733E-01  9.7182E-02  2.9766E-02  8.3576E-02
   92.00  7.6116E+01 -6.7048E-01  7.2513E-01  7.0943E-02  3.1249E-02  5.9552E-02
   93.00  7.5464E+01 -6.6844E-01  7.2164E-01  4.4237E-02  3.1956E-02  3.5120E-02
   94.00  7.4811E+01 -6.6479E-01  7.1721E-01  1.7624E-02  3.1326E-02  1.0984E-02
   95.00  7.4205E+01 -6.5994E-01  7.1242E-01 -8.3829E-03  2.9158E-02 -1.2307E-02
   96.00  7.3680E+01 -6.5450E-01  7.0795E-01 -3.3618E-02  2.5662E-02 -3.4675E-02
   97.00  7.3261E+01 -6.4908E-01  7.0441E-01 -5.8377E-02  2.1380E-02 -5.6567E-02
   98.00  7.2977E+01 -6.4407E-01  7.0223E-01 -8.3247E-02  1.7000E-02 -7.8714E-02
   99.00  7.2859E+01 -6.3942E-01  7.0152E-01 -1.0874E-01  1.3120E-02 -1.0171E-01
  100.00  7.2917E+01 -6.3478E-01  7.0199E-01 -1.3490E-01  1.0077E-02 -1.2563E-01
  101.00  7.3123E+01 -6.2965E-01  7.0304E-01 -1.6118E-01  7.9044E-03 -1.4988E-01
  102.00  7.3401E+01 -6.2375E-01  7.0401E-01 -1.8659E-01  6.4600E-03 -1.7344E-01
  103.00  7.3647E+01 -6.1717E-01  7.0439E-01 -2.1022E-01  5.6125E-03 -1.9530E-01
  104.00  7.3763E+01 -6.1024E-01  7.0405E-01 -2.3171E-01  5.3670E-03 -2.1489E-01
  105.00  7.3707E+01 -6.0334E-01  7.0325E-01 -2.5144E-01  5.8363E-03 -2.3238E-01
  106.00  7.3507E+01 -5.9658E-01  7.0252E-01 -2.7048E-01  7.0932E-03 -2.4854E-01
  107.00  7.3262E+01 -5.8974E-01  7.0240E-01 -2.9001E-01  9.0230E-03 -2.6444E-01
  108.00  7.3094E+01 -5.8236E-01  7.0324E-01 -3.1083E-01  1.1300E-02 -2.8095E-01
  109.00  7.3097E+01 -5.7392E-01  7.0503E-01 -3.3284E-01  1.3530E-02 -2.9834E-01
  110.00  7.3301E+01 -5.6416E-01  7.0745E-01 -3.5505E-01  1.5464E-02 -3.1621E-01
  111.00  7.3656E+01 -5.5309E-01  7.0999E-01 -3.7610E-01  1.7114E-02 -3.3375E-01
  112.00  7.4061E+01 -5.4093E-01  7.1212E-01 -3.9484E-01  1.8677E-02 -3.5013E-01
  113.00  7.4410E+01 -5.2798E-01  7.1343E-01 -4.1094E-01  2.0319E-02 -3.6492E-01
  114.00  7.4634E+01 -5.1449E-01  7.1369E-01 -4.2489E-01  2.1980E-02 -3.7815E-01
  115.00  7.4727E+01 -5.0061E-01  7.1285E-01 -4.3783E-01  2.3311E-02 -3.9027E-01
  116.00  7.4740E+01 -4.8636E-01  7.1110E-01 -4.5105E-01  2.3796E-02 -4.0192E-01
  117.00  7.4756E+01 -4.7168E-01  7.0891E-01 -4.6549E-01  2.2954E-02 -4.1368E-01
  118.00  7.4848E+01 -4.5641E-01  7.0697E-01 -4.8146E-01  2.0548E-02 -4.2587E-01
  119.00  7.5057E+01 -4.4044E-01  7.0598E-01 -4.9851E-01  1.6686E-02 -4.3850E-01
  120.00  7.5368E+01 -4.2388E-01  7.0647E-01 -5.1569E-01  1.1800E-02 -4.5130E-01
  121.00  7.5732E+01 -4.0716E-01  7.0851E-01 -5.3198E-01  6.5097E-03 -4.6383E-01
  122.00  7.6089E+01 -3.9094E-01  7.1176E-01 -5.4668E-01  1.4420E-03 -4.7567E-01
  123.00  7.6410E+01 -3.7594E-01  7.1561E-01 -5.5960E-01 -2.9410E-03 -4.8657E-01
  124.00  7.6708E+01 -3.6258E-01  7.1946E-01 -5.7107E-01 -6.4483E-03 -4.9645E-01
  125.00  7.7037E+01 -3.5081E-01  7.2290E-01 -5.8166E-01 -9.1556E-03 -5.0534E-01
  126.00  7.7450E+01 -3.4016E-01  7.2576E-01 -5.9184E-01 -1.1269E-02 -5.1330E-01
  127.00  7.7968E+01 -3.2998E-01  7.2807E-01 -6.0182E-01 -1.2914E-02 -5.2029E-01
  128.00  7.8568E+01 -3.1972E-01  7.2985E-01 -6.1156E-01 -1.3980E-02 -5.2628E-01
  129.00  7.9196E+01 -3.0911E-01  7.3109E-01 -6.2088E-01 -1.4171E-02 -5.3136E-01
  130.00  7.9815E+01 -2.9805E-01  7.3177E-01 -6.2972E-01 -1.3254E-02 -5.3583E-01
  131.00  8.0434E+01 -2.8646E-01  7.3206E-01 -6.3817E-01 -1.1366E-02 -5.4015E-01
  132.00  8.1107E+01 -2.7427E-01  7.3231E-01 -6.4634E-01 -9.1471E-03 -5.4475E-01
  133.00  8.1898E+01 -2.6149E-01  7.3309E-01 -6.5426E-01 -7.5136E-03 -5.4984E-01
  134.00  8.2831E+01 -2.4847E-01  7.3491E-01 -6.6187E-01 -7.1550E-03 -5.5531E-01
  135.00  8.3880E+01 -2.3587E-01  7.3803E-01 -6.6908E-01 -8.0524E-03 -5.6091E-01
  136.00  8.4983E+01 -2.2439E-01  7.4232E-01 -6.7603E-01 -9.3849E-03 -5.6648E-01
  137.00  8.6105E+01 -2.1442E-01  7.4729E-01 -6.8311E-01 -9.9448E-03 -5.7218E-01
  138.00  8.7263E+01 -2.0567E-01  7.5224E-01 -6.9085E-01 -8.8504E-03 -5.7830E-01
  139.00  8.8519E+01 -1.9721E-01  7.5643E-01 -6.9961E-01 -6.1535E-03 -5.8502E-01
  140.00  8.9923E+01 -1.8792E-01  7.5928E-01 -7.0930E-01 -2.9607E-03 -5.9199E-01
  141.00  9.1437E+01 -1.7704E-01  7.6041E-01 -7.1922E-01 -9.3360E-04 -5.9830E-01
  142.00  9.2920E+01 -1.6461E-01  7.5979E-01 -7.2831E-01 -1.4297E-03 -6.0276E-01
  143.00  9.4169E+01 -1.5140E-01  7.5774E-01 -7.3546E-01 -4.7968E-03 -6.0439E-01
  144.00  9.5024E+01 -1.3849E-01  7.5485E-01 -7.3989E-01 -1.0202E-02 -6.0285E-01
  145.00  9.5458E+01 -1.2677E-01  7.5191E-01 -7.4135E-01 -1.6020E-02 -5.9869E-01
  146.00  9.5607E+01 -1.1660E-01  7.4980E-01 -7.4027E-01 -2.0557E-02 -5.9318E-01
  147.00  9.5711E+01 -1.0770E-01  7.4926E-01 -7.3766E-01 -2.2820E-02 -5.8800E-01
  148.00  9.6003E+01 -9.9478E-02  7.5065E-01 -7.3493E-01 -2.3002E-02 -5.8466E-01
  149.00  9.6601E+01 -9.1398E-02  7.5379E-01 -7.3339E-01 -2.2355E-02 -5.8389E-01
  150.00  9.7461E+01 -8.3385E-02  7.5798E-01 -7.3375E-01 -2.2431E-02 -5.8528E-01
  151.00  9.8422E+01 -7.5817E-02  7.6219E-01 -7.3579E-01 -2.4102E-02 -5.8743E-01
  152.00  9.9308E+01 -6.9231E-02  7.6543E-01 -7.3855E-01 -2.6979E-02 -5.8857E-01
  153.00  1.0003E+02 -6.3917E-02  7.6702E-01 -7.4081E-01 -2.9546E-02 -5.8724E-01
  154.00  1.0062E+02 -5.9686E-02  7.6676E-01 -7.4165E-01 -2.9961E-02 -5.8286E-01
  155.00  1.0122E+02 -5.5927E-02  7.6494E-01 -7.4086E-01 -2.7100E-02 -5.7595E-01
  156.00  1.0197E+02 -5.1931E-02  7.6221E-01 -7.3895E-01 -2.1299E-02 -5.6781E-01
  157.00  1.0292E+02 -4.7271E-02  7.5922E-01 -7.3675E-01 -1.4278E-02 -5.5982E-01
  158.00  1.0403E+02 -4.1971E-02  7.5634E-01 -7.3492E-01 -8.1725E-03 -5.5271E-01
  159.00  1.0517E+02 -3.6373E-02  7.5358E-01 -7.3362E-01 -4.2612E-03 -5.4632E-01
  160.00  1.0625E+02 -3.0848E-02  7.5071E-01 -7.3262E-01 -2.2136E-03 -5.4004E-01
  161.00  1.0723E+02 -2.5606E-02  7.4761E-01 -7.3169E-01 -3.0316E-04 -5.3349E-01
  162.00  1.0815E+02 -2.0742E-02  7.4449E-01 -7.3099E-01  3.5558E-03 -5.2707E-01
  163.00  1.0905E+02 -1.6460E-02  7.4187E-01 -7.3100E-01  1.0549E-02 -5.2186E-01
  164.00  1.0988E+02 -1.3262E-02  7.4030E-01 -7.3218E-01  2.0221E-02 -5.1886E-01
  165.00  1.1051E+02 -1.1945E-02  7.3991E-01 -7.3445E-01  3.0683E-02 -5.1806E-01
  166.00  1.1079E+02 -1.3335E-02  7.4026E-01 -7.3697E-01  3.9563E-02 -5.1811E-01
  167.00  1.1073E+02 -1.7889E-02  7.4044E-01 -7.3843E-01  4.5036E-02 -5.1671E-01
  168.00  1.1053E+02 -2.5282E-02  7.3959E-01 -7.3770E-01  4.6388E-02 -5.1184E-01
  169.00  1.1059E+02 -3.4128E-02  7.3746E-01 -7.3465E-01  4.3997E-02 -5.0308E-01
  170.00  1.1133E+02 -4.2110E-02  7.3476E-01 -7.3051E-01  3.8888E-02 -4.9239E-01
  171.00  1.1304E+02 -4.6686E-02  7.3302E-01 -7.2757E-01  3.2190E-02 -4.8369E-01
  172.00  1.1573E+02 -4.6172E-02  7.3387E-01 -7.2803E-01  2.4798E-02 -4.8091E-01
  173.00  1.1908E+02 -4.0527E-02  7.3819E-01 -7.3292E-01  1.7385E-02 -4.8611E-01
  174.00  1.2265E+02 -3.1330E-02  7.4568E-01 -7.4169E-01  1.0581E-02 -4.9860E-01
  175.00  1.2595E+02 -2.1023E-02  7.5514E-01 -7.5263E-01  5.0510E-03 -5.1562E-01
  176.00  1.2866E+02 -1.1930E-02  7.6495E-01 -7.6369E-01  1.3362E-03 -5.3365E-01
  177.00  1.3066E+02 -5.4732E-03  7.7366E-01 -7.7319E-01 -4.3009E-04 -5.4965E-01
  178.00  1.3197E+02 -1.8608E-03  7.8027E-01 -7.8017E-01 -6.7806E-04 -5.6167E-01
  179.00  1.3268E+02 -3.5768E-04  7.8432E-01 -7.8431E-01 -2.5627E-04 -5.6893E-01
  180.00  1.3291E+02 -7.8751E-15  7.8567E-01 -7.8567E-01 -7.1323E-15 -5.7134E-01
