    0.00  2.3599E+03  4.2210E-07  9.9682E-01  9.9682E-01  4.5665E-07  9.9392E-01
    1.00  2.9472E+03  4.5875E-04  9.9746E-01  9.9746E-01  5.5175E-04  9.9513E-01
    2.00  4.4741E+03  8.1397E-04  9.9832E-01  9.9832E-01  1.4130E-03  9.9679E-01
    3.00  6.3415E+03  4.7117E-04  9.9881E-01  9.9881E-01  2.1355E-03  9.9773E-01
    4.00  7.8616E+03 -4.3935E-04  9.9903E-01  9.9903E-01  2.8505E-03  9.9815E-01
    5.00  8.5513E+03 -1.7597E-03  9.9910E-01  9.9908E-01  3.7184E-03  9.9827E-01
    6.00  8.3037E+03 -3.3505E-03  9.9905E-01  9.9902E-01  4.8772E-03  9.9818E-01
    7.00  7.3685E+03 -5.0324E-03  9.9892E-01  9.9886E-01  6.4388E-03  9.9791E-01
    8.00  6.1776E+03 -6.5635E-03  9.9869E-01  9.9861E-01  8.4030E-03  9.9747E-01
    9.00  5.1261E+03 -7.7494E-03  9.9842E-01  9.9830E-01  1.0467E-02  9.9694E-01
   10.00  4.4207E+03 -8.7478E-03  9.9817E-01  9.9804E-01  1.1972E-02  9.9648E-01
   11.00  4.0534E+03 -1.0165E-02  9.9802E-01  9.9789E-01  1.2418E-02  9.9622E-01
   12.00  3.8808E+03 -1.2519E-02  9.9795E-01  9.9782E-01  1.2028E-02  9.9610E-01
   13.00  3.7410E+03 -1.5828E-02  9.9789E-01  9.9774E-01  1.1419E-02  9.9599E-01
   14.00  3.5384E+03 -1.9829E-02  9.9778E-01  9.9758E-01  1.1025E-02  9.9576E-01
   15.00  3.2645E+03 -2.4279E-02  9.9759E-01  9.9731E-01  1.0977E-02  9.9537E-01
   16.00  2.9657E+03 -2.9063E-02  9.9734E-01  9.9695E-01  1.1199E-02  9.9484E-01
   17.00  2.6937E+03 -3.4192E-02  9.9706E-01  9.9650E-01  1.1522E-02  9.9422E-01
   18.00  2.4733E+03 -3.9748E-02  9.9679E-01  9.9600E-01  1.1808E-02  9.9356E-01
   19.00  2.2977E+03 -4.5777E-02  9.9653E-01  9.9543E-01  1.2058E-02  9.9287E-01
   20.00  2.1430E+03 -5.2218E-02  9.9628E-01  9.9477E-01  1.2416E-02  9.9208E-01
   21.00  1.9867E+03 -5.8910E-02  9.9597E-01  9.9397E-01  1.3059E-02  9.9113E-01
   22.00  1.8176E+03 -6.5663E-02  9.9557E-01  9.9302E-01  1.4069E-02  9.8995E-01
   23.00  1.6366E+03 -7.2321E-02  9.9504E-01  9.9189E-01  1.5345E-02  9.8850E-01
   24.00  1.4515E+03 -7.8805E-02  9.9436E-01  9.9058E-01  1.6572E-02  9.8677E-01
   25.00  1.2740E+03 -8.5130E-02  9.9352E-01  9.8909E-01  1.7251E-02  9.8475E-01
   26.00  1.1169E+03 -9.1408E-02  9.9257E-01  9.8745E-01  1.6859E-02  9.8252E-01
   27.00  9.9114E+02 -9.7864E-02  9.9161E-01  9.8576E-01  1.5158E-02  9.8023E-01
   28.00  9.0320E+02 -1.0482E-01  9.9080E-01  9.8413E-01  1.2566E-02  9.7812E-01
   29.00  8.5103E+02 -1.1262E-01  9.9024E-01  9.8264E-01  1.0160E-02  9.7634E-01
   30.00  8.2354E+02 -1.2141E-01  9.8989E-01  9.8120E-01  9.0282E-03  9.7477E-01
   31.00  8.0393E+02 -1.3111E-01  9.8960E-01  9.7963E-01  9.5384E-03  9.7310E-01
   32.00  7.7629E+02 -1.4150E-01  9.8914E-01  9.7770E-01  1.1277E-02  9.7097E-01
   33.00  7.3188E+02 -1.5232E-01  9.8834E-01  9.7524E-01  1.3423E-02  9.6812E-01
   34.00  6.7191E+02 -1.6338E-01  9.8712E-01  9.7217E-01  1.5066E-02  9.6444E-01
   35.00  6.0546E+02 -1.7452E-01  9.8551E-01  9.6853E-01  1.5386E-02  9.6000E-01
   36.00  5.4413E+02 -1.8569E-01  9.8369E-01  9.6454E-01  1.3936E-02  9.5514E-01
   37.00  4.9650E+02 -1.9691E-01  9.8196E-01  9.6053E-01  1.1029E-02  9.5036E-01
   38.00  4.6513E+02 -2.0823E-01  9.8063E-01  9.5679E-01  7.7988E-03  9.4613E-01
   39.00  4.4689E+02 -2.1966E-01  9.7975E-01  9.5338E-01  5.5415E-03  9.4251E-01
   40.00  4.3579E+02 -2.3106E-01  9.7916E-01  9.5010E-01  4.8829E-03  9.3918E-01
   41.00  4.2617E+02 -2.4233E-01  9.7861E-01  9.4671E-01  5.6063E-03  9.3574E-01
   42.00  4.1473E+02 -2.5350E-01  9.7793E-01  9.4298E-01  7.0568E-03  9.3188E-01
   43.00  4.0071E+02 -2.6486E-01  9.7706E-01  9.3876E-01  8.5846E-03  9.2744E-01
   44.00  3.8497E+02 -2.7689E-01  9.7601E-01  9.3393E-01  9.7862E-03  9.2232E-01
   45.00  3.6871E+02 -2.9008E-01  9.7483E-01  9.2840E-01  1.0546E-02  9.1645E-01
   46.00  3.5265E+02 -3.0463E-01  9.7355E-01  9.2208E-01  1.0931E-02  9.0979E-01
   47.00  3.3702E+02 -3.2028E-01  9.7215E-01  9.1502E-01  1.1008E-02  9.0235E-01
   48.00  3.2184E+02 -3.3643E-01  9.7062E-01  9.0737E-01  1.0727E-02  8.9427E-01
   49.00  3.0728E+02 -3.5234E-01  9.6897E-01  8.9938E-01  9.9325E-03  8.8579E-01
   50.00  2.9370E+02 -3.6754E-01  9.6727E-01  8.9129E-01  8.4895E-03  8.7717E-01
   51.00  2.8155E+02 -3.8203E-01  9.6561E-01  8.8324E-01  6.4389E-03  8.6861E-01
   52.00  2.7107E+02 -3.9625E-01  9.6409E-01  8.7514E-01  4.0460E-03  8.6009E-01
   53.00  2.6219E+02 -4.1088E-01  9.6279E-01  8.6674E-01  1.7087E-03  8.5138E-01
   54.00  2.5461E+02 -4.2643E-01  9.6166E-01  8.5772E-01 -2.1238E-04  8.4219E-01
   55.00  2.4789E+02 -4.4309E-01  9.6065E-01  8.4788E-01 -1.5134E-03  8.3225E-01
   56.00  2.4163E+02 -4.6063E-01  9.5964E-01  8.3717E-01 -2.1478E-03  8.2148E-01
   57.00  2.3554E+02 -4.7859E-01  9.5857E-01  8.2572E-01 -2.1501E-03  8.0995E-01
   58.00  2.2943E+02 -4.9655E-01  9.5739E-01  8.1366E-01 -1.5816E-03  7.9778E-01
   59.00  2.2319E+02 -5.1425E-01  9.5610E-01  8.0099E-01 -5.5817E-04  7.8503E-01
   60.00  2.1685E+02 -5.3175E-01  9.5471E-01  7.8754E-01  6.5948E-04  7.7161E-01
   61.00  2.1057E+02 -5.4925E-01  9.5329E-01  7.7307E-01  1.6082E-03  7.5733E-01
   62.00  2.0466E+02 -5.6703E-01  9.5189E-01  7.5736E-01  1.6951E-03  7.4203E-01
   63.00  1.9944E+02 -5.8523E-01  9.5061E-01  7.4042E-01  4.3048E-04  7.2569E-01
   64.00  1.9513E+02 -6.0377E-01  9.4948E-01  7.2254E-01 -2.2796E-03  7.0852E-01
   65.00  1.9162E+02 -6.2235E-01  9.4851E-01  7.0416E-01 -5.9795E-03  6.9081E-01
   66.00  1.8851E+02 -6.4059E-01  9.4763E-01  6.8565E-01 -9.8008E-03  6.7282E-01
   67.00  1.8523E+02 -6.5817E-01  9.4669E-01  6.6715E-01 -1.2831E-02  6.5461E-01
   68.00  1.8126E+02 -6.7490E-01  9.4555E-01  6.4849E-01 -1.4488E-02  6.3603E-01
   69.00  1.7637E+02 -6.9075E-01  9.4412E-01  6.2938E-01 -1.4707E-02  6.1684E-01
   70.00  1.7068E+02 -7.0578E-01  9.4236E-01  6.0952E-01 -1.3903E-02  5.9683E-01
   71.00  1.6460E+02 -7.2009E-01  9.4034E-01  5.8881E-01 -1.2762E-02  5.7602E-01
   72.00  1.5860E+02 -7.3379E-01  9.3820E-01  5.6737E-01 -1.1944E-02  5.5459E-01
   73.00  1.5303E+02 -7.4698E-01  9.3607E-01  5.4546E-01 -1.1820E-02  5.3284E-01
   74.00  1.4802E+02 -7.5977E-01  9.3408E-01  5.2328E-01 -1.2344E-02  5.1095E-01
   75.00  1.4349E+02 -7.7226E-01  9.3224E-01  5.0079E-01 -1.3140E-02  4.8880E-01
   76.00  1.3929E+02 -7.8456E-01  9.3053E-01  4.7765E-01 -1.3725E-02  4.6601E-01
   77.00  1.3528E+02 -7.9671E-01  9.2888E-01  4.5332E-01 -1.3739E-02  4.4197E-01
   78.00  1.3147E+02 -8.0872E-01  9.2723E-01  4.2727E-01 -1.3085E-02  4.1616E-01
   79.00  1.2794E+02 -8.2052E-01  9.2559E-01  3.9919E-01 -1.1928E-02  3.8831E-01
   80.00  1.2483E+02 -8.3195E-01  9.2397E-01  3.6919E-01 -1.0613E-02  3.5855E-01
   81.00  1.2223E+02 -8.4281E-01  9.2243E-01  3.3773E-01 -9.5225E-03  3.2742E-01
   82.00  1.2014E+02 -8.5288E-01  9.2099E-01  3.0560E-01 -8.9366E-03  2.9571E-01
   83.00  1.1844E+02 -8.6193E-01  9.1965E-01  2.7362E-01 -8.9433E-03  2.6424E-01
   84.00  1.1690E+02 -8.6978E-01  9.1836E-01  2.4240E-01 -9.4177E-03  2.3360E-01
   85.00  1.1531E+02 -8.7633E-01  9.1704E-01  2.1220E-01 -1.0070E-02  2.0404E-01
   86.00  1.1349E+02 -8.8156E-01  9.1560E-01  1.8286E-01 -1.0529E-02  1.7542E-01
   87.00  1.1138E+02 -8.8555E-01  9.1401E-01  1.5386E-01 -1.0439E-02  1.4725E-01
   88.00  1.0911E+02 -8.8845E-01  9.1232E-01  1.2447E-01 -9.5593E-03  1.1886E-01
   89.00  1.0687E+02 -8.9042E-01  9.1069E-01  9.3981E-02 -7.8560E-03  8.9561E-02
   90.00  1.0493E+02 -8.9158E-01  9.0933E-01  6.1982E-02 -5.5709E-03  5.8898E-02
   91.00  1.0347E+02 -8.9191E-01  9.0844E-01  2.8586E-02 -3.2081E-03  2.6865E-02
   92.00  1.0256E+02 -8.9134E-01  9.0813E-01 -5.5563E-03 -1.4065E-03 -6.0352E-03
   93.00  1.0211E+02 -8.8978E-01  9.0835E-01 -3.9478E-02 -7.2139E-04 -3.8951E-02
   94.00  1.0198E+02 -8.8720E-01  9.0892E-01 -7.2261E-02 -1.4119E-03 -7.1002E-02
   95.00  1.0199E+02 -8.8369E-01  9.0964E-01 -1.0335E-01 -3.3328E-03 -1.0158E-01
   96.00  1.0200E+02 -8.7943E-01  9.1033E-01 -1.3267E-01 -5.9719E-03 -1.3053E-01
   97.00  1.0193E+02 -8.7454E-01  9.1088E-01 -1.6060E-01 -8.6166E-03 -1.5809E-01
   98.00  1.0173E+02 -8.6901E-01  9.1126E-01 -1.8774E-01 -1.0594E-02 -1.8480E-01
   99.00  1.0136E+02 -8.6267E-01  9.1147E-01 -2.1473E-01 -1.1498E-02 -2.1126E-01
  100.00  1.0075E+02 -8.5525E-01  9.1148E-01 -2.4206E-01 -1.1318E-02 -2.3797E-01
  101.00  9.9850E+01 -8.4649E-01  9.1127E-01 -2.7001E-01 -1.0406E-02 -2.6522E-01
  102.00  9.8681E+01 -8.3624E-01  9.1079E-01 -2.9856E-01 -9.3048E-03 -2.9301E-01
  103.00  9.7332E+01 -8.2458E-01  9.1006E-01 -3.2749E-01 -8.5297E-03 -3.2112E-01
  104.00  9.5964E+01 -8.1183E-01  9.0914E-01 -3.5633E-01 -8.3743E-03 -3.4908E-01
  105.00  9.4757E+01 -7.9845E-01  9.0816E-01 -3.8450E-01 -8.8255E-03 -3.7630E-01
  106.00  9.3848E+01 -7.8495E-01  9.0728E-01 -4.1143E-01 -9.6148E-03 -4.0217E-01
  107.00  9.3289E+01 -7.7171E-01  9.0663E-01 -4.3671E-01 -1.0377E-02 -4.2629E-01
  108.00  9.3038E+01 -7.5887E-01  9.0631E-01 -4.6027E-01 -1.0828E-02 -4.4859E-01
  109.00  9.2995E+01 -7.4627E-01  9.0632E-01 -4.8237E-01 -1.0869E-02 -4.6940E-01
  110.00  9.3046E+01 -7.3359E-01  9.0665E-01 -5.0355E-01 -1.0564E-02 -4.8933E-01
  111.00  9.3110E+01 -7.2040E-01  9.0728E-01 -5.2436E-01 -1.0055E-02 -5.0903E-01
  112.00  9.3160E+01 -7.0636E-01  9.0819E-01 -5.4523E-01 -9.4687E-03 -5.2897E-01
  113.00  9.3219E+01 -6.9131E-01  9.0939E-01 -5.6627E-01 -8.9004E-03 -5.4931E-01
  114.00  9.3342E+01 -6.7533E-01  9.1084E-01 -5.8735E-01 -8.4581E-03 -5.6987E-01
  115.00  9.3581E+01 -6.5869E-01  9.1248E-01 -6.0809E-01 -8.3216E-03 -5.9019E-01
  116.00  9.3969E+01 -6.4176E-01  9.1421E-01 -6.2811E-01 -8.7399E-03 -6.0979E-01
  117.00  9.4510E+01 -6.2490E-01  9.1592E-01 -6.4709E-01 -9.9297E-03 -6.2830E-01
  118.00  9.5180E+01 -6.0830E-01  9.1752E-01 -6.6494E-01 -1.1911E-02 -6.4560E-01
  119.00  9.5942E+01 -5.9197E-01  9.1899E-01 -6.8176E-01 -1.4383E-02 -6.6181E-01
  120.00  9.6753E+01 -5.7571E-01  9.2033E-01 -6.9780E-01 -1.6739E-02 -6.7726E-01
  121.00  9.7566E+01 -5.5915E-01  9.2161E-01 -7.1332E-01 -1.8257E-02 -6.9224E-01
  122.00  9.8326E+01 -5.4193E-01  9.2282E-01 -7.2852E-01 -1.8391E-02 -7.0695E-01
  123.00  9.8958E+01 -5.2379E-01  9.2392E-01 -7.4341E-01 -1.7015E-02 -7.2136E-01
  124.00  9.9371E+01 -5.0473E-01  9.2483E-01 -7.5786E-01 -1.4502E-02 -7.3522E-01
  125.00  9.9474E+01 -4.8502E-01  9.2541E-01 -7.7155E-01 -1.1570E-02 -7.4815E-01
  126.00  9.9216E+01 -4.6521E-01  9.2559E-01 -7.8419E-01 -8.9926E-03 -7.5978E-01
  127.00  9.8621E+01 -4.4596E-01  9.2538E-01 -7.9556E-01 -7.3132E-03 -7.6988E-01
  128.00  9.7810E+01 -4.2780E-01  9.2493E-01 -8.0564E-01 -6.6829E-03 -7.7848E-01
  129.00  9.6976E+01 -4.1100E-01  9.2443E-01 -8.1464E-01 -6.8860E-03 -7.8590E-01
  130.00  9.6337E+01 -3.9537E-01  9.2415E-01 -8.2294E-01 -7.5201E-03 -7.9264E-01
  131.00  9.6055E+01 -3.8042E-01  9.2425E-01 -8.3093E-01 -8.2386E-03 -7.9927E-01
  132.00  9.6182E+01 -3.6554E-01  9.2477E-01 -8.3891E-01 -8.9221E-03 -8.0613E-01
  133.00  9.6641E+01 -3.5033E-01  9.2561E-01 -8.4687E-01 -9.6873E-03 -8.1326E-01
  134.00  9.7259E+01 -3.3478E-01  9.2657E-01 -8.5463E-01 -1.0742E-02 -8.2038E-01
  135.00  9.7842E+01 -3.1917E-01  9.2747E-01 -8.6190E-01 -1.2194E-02 -8.2712E-01
  136.00  9.8252E+01 -3.0384E-01  9.2818E-01 -8.6848E-01 -1.3934E-02 -8.3316E-01
  137.00  9.8453E+01 -2.8895E-01  9.2870E-01 -8.7436E-01 -1.5634E-02 -8.3844E-01
  138.00  9.8518E+01 -2.7433E-01  9.2914E-01 -8.7972E-01 -1.6874E-02 -8.4313E-01
  139.00  9.8580E+01 -2.5962E-01  9.2962E-01 -8.8481E-01 -1.7331E-02 -8.4757E-01
  140.00  9.8772E+01 -2.4450E-01  9.3029E-01 -8.8985E-01 -1.6967E-02 -8.5204E-01
  141.00  9.9177E+01 -2.2896E-01  9.3118E-01 -8.9487E-01 -1.6109E-02 -8.5664E-01
  142.00  9.9817E+01 -2.1341E-01  9.3228E-01 -8.9972E-01 -1.5363E-02 -8.6123E-01
  143.00  1.0067E+02 -1.9854E-01  9.3348E-01 -9.0419E-01 -1.5375E-02 -8.6552E-01
  144.00  1.0170E+02 -1.8505E-01  9.3469E-01 -9.0809E-01 -1.6544E-02 -8.6924E-01
  145.00  1.0289E+02 -1.7333E-01  9.3584E-01 -9.1141E-01 -1.8818E-02 -8.7233E-01
  146.00  1.0427E+02 -1.6330E-01  9.3695E-01 -9.1430E-01 -2.1685E-02 -8.7494E-01
  147.00  1.0585E+02 -1.5450E-01  9.3807E-01 -9.1700E-01 -2.4364E-02 -8.7738E-01
  148.00  1.0763E+02 -1.4625E-01  9.3926E-01 -9.1973E-01 -2.6131E-02 -8.7994E-01
  149.00  1.0955E+02 -1.3791E-01  9.4052E-01 -9.2254E-01 -2.6617E-02 -8.8273E-01
  150.00  1.1145E+02 -1.2899E-01  9.4178E-01 -9.2533E-01 -2.5921E-02 -8.8561E-01
  151.00  1.1310E+02 -1.1932E-01  9.4289E-01 -9.2785E-01 -2.4487E-02 -8.8824E-01
  152.00  1.1425E+02 -1.0892E-01  9.4366E-01 -9.2987E-01 -2.2839E-02 -8.9021E-01
  153.00  1.1475E+02 -9.8028E-02  9.4397E-01 -9.3122E-01 -2.1322E-02 -8.9121E-01
  154.00  1.1462E+02 -8.6994E-02  9.4381E-01 -9.3192E-01 -1.9992E-02 -8.9123E-01
  155.00  1.1411E+02 -7.6289E-02  9.4335E-01 -9.3216E-01 -1.8668E-02 -8.9055E-01
  156.00  1.1363E+02 -6.6455E-02  9.4290E-01 -9.3228E-01 -1.7112E-02 -8.8972E-01
  157.00  1.1361E+02 -5.8004E-02  9.4280E-01 -9.3261E-01 -1.5239E-02 -8.8935E-01
  158.00  1.1429E+02 -5.1264E-02  9.4326E-01 -9.3336E-01 -1.3213E-02 -8.8983E-01
  159.00  1.1565E+02 -4.6242E-02  9.4423E-01 -9.3452E-01 -1.1375E-02 -8.9111E-01
  160.00  1.1739E+02 -4.2612E-02  9.4544E-01 -9.3586E-01 -1.0044E-02 -8.9275E-01
  161.00  1.1908E+02 -3.9798E-02  9.4649E-01 -9.3711E-01 -9.3410E-03 -8.9418E-01
  162.00  1.2043E+02 -3.7103E-02  9.4709E-01 -9.3807E-01 -9.1505E-03 -8.9498E-01
  163.00  1.2135E+02 -3.3808E-02  9.4715E-01 -9.3870E-01 -9.1795E-03 -8.9501E-01
  164.00  1.2203E+02 -2.9273E-02  9.4678E-01 -9.3909E-01 -9.0661E-03 -8.9449E-01
  165.00  1.2282E+02 -2.3094E-02  9.4625E-01 -9.3939E-01 -8.4815E-03 -8.9379E-01
  166.00  1.2405E+02 -1.5270E-02  9.4583E-01 -9.3973E-01 -7.2140E-03 -8.9324E-01
  167.00  1.2598E+02 -6.2956E-03  9.4565E-01 -9.4013E-01 -5.2311E-03 -8.9297E-01
  168.00  1.2877E+02  2.8981E-03  9.4570E-01 -9.4053E-01 -2.7151E-03 -8.9287E-01
  169.00  1.3253E+02  1.1173E-02  9.4579E-01 -9.4086E-01 -5.5493E-05 -8.9270E-01
  170.00  1.3730E+02  1.7493E-02  9.4573E-01 -9.4109E-01  2.2320E-03 -8.9221E-01
  171.00  1.4299E+02  2.1224E-02  9.4536E-01 -9.4119E-01  3.6722E-03 -8.9126E-01
  172.00  1.4914E+02  2.2287E-02  9.4462E-01 -9.4113E-01  4.0261E-03 -8.8978E-01
  173.00  1.5499E+02  2.1091E-02  9.4349E-01 -9.4084E-01  3.3963E-03 -8.8769E-01
  174.00  1.5953E+02  1.8300E-02  9.4198E-01 -9.4018E-01  2.1715E-03 -8.8486E-01
  175.00  1.6187E+02  1.4587E-02  9.4009E-01 -9.3902E-01  8.5470E-04 -8.8116E-01
  176.00  1.6162E+02  1.0513E-02  9.3784E-01 -9.3731E-01 -1.2316E-04 -8.7660E-01
  177.00  1.5923E+02  6.5506E-03  9.3539E-01 -9.3519E-01 -5.4077E-04 -8.7147E-01
  178.00  1.5584E+02  3.1604E-03  9.3305E-01 -9.3301E-01 -4.5279E-04 -8.6650E-01
  179.00  1.5295E+02  8.3424E-04  9.3133E-01 -9.3132E-01 -1.5368E-04 -8.6276E-01
  180.00  1.5183E+02  2.1076E-14  9.3068E-01 -9.3068E-01 -4.1870E-15 -8.6136E-01
