****************************************************
****************************************************
 mstm calculation results
 date, time:
20250506 170210.994 
 input file:
lk1.inp
****************************************************
 input variables for run     1
 sphere data input file:
32768_bpca.pos
 number spheres
32768
 length, ref index scale factors
  1.0000000E+00  1.6750000E+00  2.1200000E-02
 volume cluster radius, area mean sphere radius, circumscribing radius, cross section radius
  3.1999884E+01  1.0000000E+00  1.0992993E+02  3.1999884E+01
 incident plane wave
 Monte Carlo average over incident directions
 t matrix order:
    80
 layer 0 refractive index
  1.0000E+00  0.0000E+00
 number of plane boundaries 
  0
 max_iterations,solution_epsilon, mie_epsilon
       100  1.0000E-07  1.0000E-06
 maximum Mie order, number of equations:
   4   1572864
 mean sphere Mie extinction, absorption efficiencies
  4.4073E-01  6.1492E-02
 fft translation option implemented
 cell width, cell volume fraction, cell dimension:
      72      72      72  5.0000E-01  2.0151E+00
 number of neighbor nodes, node order:
   26    4
****************************************************
 calculation results for run 
           1
 incidence averages collected: sample:
   72
 number iterations, error, solution time 
   101  1.6416E+05  7.1001E+04
 total extinction, absorption, scattering efficiencies (unpolarized incidence)
  2.2479E+01  2.1512E+03 -2.1287E+03
  down and up hemispherical scattering efficiencies (unpol, par, perp) 
  1.0510E+05  1.2107E+05  2.1019E+05  2.4213E+05  2.8373E+00  8.2426E+00
 azimuthal averaged scattering matrix
 number directions, number SM elements:
   181     6
   theta     11          12          22          33          34          44     
    0.00  2.8208E+10 -3.1766E-06  4.9178E-01  4.9178E-01 -2.4814E-07  1.9479E-03
    1.00  2.3608E+10 -4.9383E-03  4.8965E-01  4.9010E-01 -4.3974E-04  1.4334E-03
    2.00  1.3983E+10 -2.1392E-02  4.7988E-01  4.8734E-01 -2.5286E-03  2.4394E-04
    3.00  6.2731E+09 -5.8205E-02  4.5135E-01  4.8902E-01 -8.6771E-03 -1.9459E-04
    4.00  2.7190E+09 -1.3631E-01  3.9853E-01  4.8755E-01 -2.1827E-02  1.6672E-03
    5.00  1.5386E+09 -2.4278E-01  3.6077E-01  4.5467E-01 -4.1280E-02  2.0934E-03
    6.00  1.0093E+09 -3.1034E-01  3.3669E-01  4.0719E-01 -6.2813E-02  3.3225E-04
    7.00  6.9480E+08 -2.3558E-01  2.8282E-01  3.6206E-01 -6.5811E-02  4.6279E-05
    8.00  5.6134E+08 -5.4036E-02  2.1712E-01  3.2837E-01 -4.1589E-02  2.2022E-04
    9.00  5.1265E+08 -1.5366E-02  1.8064E-01  3.1792E-01 -3.1198E-02 -9.5496E-05
   10.00  5.0601E+08 -5.3304E-02  2.1177E-01  3.2120E-01 -2.9312E-02 -3.1758E-04
   11.00  5.3683E+08  2.7596E-02  2.9796E-01  3.1434E-01 -1.5674E-02 -2.5903E-04
   12.00  5.8205E+08  1.5772E-01  3.3994E-01  2.9338E-01 -1.1242E-02  4.4476E-05
   13.00  6.1414E+08  2.1971E-01  3.2091E-01  2.6216E-01 -1.9151E-02  2.5378E-04
   14.00  6.1142E+08  2.2437E-01  2.9787E-01  2.2889E-01 -2.4354E-02  2.2647E-04
   15.00  5.6670E+08  2.1151E-01  2.8536E-01  2.0998E-01 -2.1288E-02  2.5268E-05
   16.00  4.9269E+08  1.7650E-01  2.6448E-01  2.1171E-01 -1.0681E-02 -1.7535E-04
   17.00  4.2995E+08  8.8327E-02  2.3527E-01  2.3165E-01  3.6373E-03 -1.9179E-04
   18.00  4.1108E+08 -1.9094E-02  2.2342E-01  2.5077E-01  1.5351E-02 -8.8999E-05
   19.00  4.1433E+08 -7.3921E-02  2.2467E-01  2.5448E-01  2.3987E-02 -1.7577E-05
   20.00  4.0697E+08 -8.5966E-02  2.0550E-01  2.6048E-01  3.9999E-02 -3.0359E-05
   21.00  4.0061E+08 -7.5264E-02  1.7747E-01  2.6488E-01  6.3096E-02 -4.4294E-05
   22.00  4.1704E+08 -4.3363E-02  1.8361E-01  2.4153E-01  7.5713E-02  3.2119E-05
   23.00  4.5068E+08 -9.4901E-03  2.0996E-01  2.1187E-01  7.5160E-02  5.6332E-05
   24.00  4.8104E+08  1.1840E-02  2.2183E-01  2.1340E-01  6.7706E-02 -5.3211E-05
   25.00  4.9227E+08  1.9076E-02  2.1687E-01  2.4010E-01  5.2578E-02 -1.5870E-04
   26.00  4.8592E+08  1.2031E-02  2.1169E-01  2.6202E-01  3.6609E-02 -9.1971E-05
   27.00  4.6798E+08 -3.3351E-03  2.3516E-01  2.6171E-01  3.7236E-02  7.5976E-05
   28.00  4.3904E+08 -9.0056E-03  2.8557E-01  2.4295E-01  5.2487E-02  1.2438E-04
   29.00  4.1441E+08  1.6530E-02  3.0966E-01  2.1376E-01  5.0631E-02  6.9894E-05
   30.00  4.1953E+08  5.7192E-02  2.9078E-01  1.9223E-01  1.3939E-02  3.3306E-05
   31.00  4.5746E+08  6.2983E-02  2.7414E-01  1.9441E-01 -3.0041E-02 -2.5637E-05
   32.00  4.9703E+08  3.2505E-02  2.6664E-01  2.0078E-01 -5.2692E-02 -7.5059E-05
   33.00  5.0472E+08  4.2467E-03  2.5299E-01  1.9739E-01 -4.8098E-02 -2.4295E-05
   34.00  4.8328E+08  1.2739E-02  2.4132E-01  1.8785E-01 -2.2392E-02  8.4774E-05
   35.00  4.5975E+08  6.4051E-02  2.5322E-01  1.7216E-01  1.8880E-03  1.0492E-04
   36.00  4.4994E+08  1.1191E-01  2.7891E-01  1.6536E-01  2.2845E-03  4.9592E-07
   37.00  4.4693E+08  1.0625E-01  2.6856E-01  1.8473E-01 -9.0552E-03 -6.3910E-05
   38.00  4.3450E+08  5.9987E-02  2.1733E-01  2.1040E-01 -7.8825E-03 -1.2090E-05
   39.00  4.0883E+08  2.2308E-02  1.7834E-01  2.1571E-01  3.4956E-03  3.7121E-05
   40.00  3.8425E+08  1.4216E-02  1.7907E-01  2.1162E-01  5.6662E-03  3.2090E-05
   41.00  3.7874E+08  7.0302E-03  1.8850E-01  2.2091E-01 -8.6332E-03  4.0846E-05
   42.00  3.9484E+08 -2.0272E-02  1.8806E-01  2.2171E-01 -2.3258E-02  5.1398E-05
   43.00  4.1731E+08 -4.8195E-02  1.9950E-01  1.9940E-01 -2.6249E-02  4.2670E-05
   44.00  4.3443E+08 -6.4110E-02  2.1485E-01  1.8056E-01 -2.6242E-02  4.5874E-05
   45.00  4.4768E+08 -7.2938E-02  2.1940E-01  1.7480E-01 -2.6973E-02  4.7056E-05
   46.00  4.5661E+08 -7.7315E-02  2.3833E-01  1.7372E-01 -2.1170E-02  2.4302E-05
   47.00  4.5118E+08 -7.0618E-02  2.6877E-01  1.7860E-01 -1.2682E-02  6.5599E-06
   48.00  4.2642E+08 -4.2966E-02  2.7210E-01  1.8141E-01 -9.0119E-03  1.3413E-06
   49.00  3.9437E+08 -8.1952E-03  2.4541E-01  1.6568E-01 -4.1584E-03 -1.8494E-05
   50.00  3.6649E+08  1.5518E-03  2.1401E-01  1.3316E-01  5.8410E-03 -3.3416E-05
   51.00  3.4240E+08 -1.1526E-02  1.9411E-01  1.0458E-01  1.1510E-02 -1.6567E-05
   52.00  3.2807E+08 -2.3792E-02  1.9955E-01  9.3941E-02  1.0110E-02 -2.7738E-06
   53.00  3.3243E+08 -2.0613E-02  2.1600E-01  9.2832E-02  1.1796E-02 -1.0075E-05
   54.00  3.5001E+08 -8.2464E-03  1.9876E-01  9.9596E-02  2.0488E-02  6.0545E-06
   55.00  3.6564E+08 -1.2201E-02  1.5266E-01  1.1231E-01  2.5640E-02  5.5141E-05
   56.00  3.6551E+08 -2.3894E-02  1.2718E-01  1.0545E-01  1.6341E-02  8.7078E-05
   57.00  3.5312E+08 -1.4766E-02  1.3306E-01  8.2999E-02 -6.5540E-04  6.6887E-05
   58.00  3.4437E+08  5.3552E-03  1.3852E-01  8.1444E-02 -1.7835E-03  1.4919E-05
   59.00  3.4062E+08  1.9517E-02  1.3892E-01  8.3356E-02  1.6973E-02 -1.0977E-05
   60.00  3.3859E+08  2.9906E-02  1.5043E-01  4.6755E-02  3.2312E-02  1.3408E-05
   61.00  3.4350E+08  1.6208E-02  1.6182E-01  1.0589E-02  3.2587E-02  4.3617E-05
   62.00  3.5154E+08 -3.4777E-02  1.5594E-01  2.9245E-02  2.4195E-02  4.0831E-05
   63.00  3.5311E+08 -8.9897E-02  1.4551E-01  7.1253E-02  1.0701E-02  1.2264E-05
   64.00  3.4809E+08 -1.0958E-01  1.4628E-01  8.9819E-02 -4.2660E-05 -2.0628E-05
   65.00  3.4157E+08 -9.8504E-02  1.4688E-01  8.9762E-02  2.8652E-03 -2.8146E-05
   66.00  3.3533E+08 -9.2366E-02  1.4174E-01  9.3755E-02  6.8678E-03 -2.1309E-05
   67.00  3.2968E+08 -9.8020E-02  1.3420E-01  1.0286E-01 -6.5089E-03 -1.7670E-05
   68.00  3.2566E+08 -9.3485E-02  1.1460E-01  1.0641E-01 -2.3052E-02  1.0058E-05
   69.00  3.1997E+08 -7.5149E-02  8.2927E-02  1.1278E-01 -2.0678E-02  4.4504E-05
   70.00  3.1102E+08 -6.4382E-02  4.9079E-02  1.3606E-01 -7.9764E-03  3.1249E-05
   71.00  3.0387E+08 -6.6994E-02  3.2911E-02  1.4799E-01 -2.4760E-03 -1.6123E-05
   72.00  3.0034E+08 -6.0362E-02  4.2482E-02  1.1535E-01  2.6366E-03 -3.4477E-05
   73.00  3.0033E+08 -5.2099E-02  5.7274E-02  7.1255E-02  1.9474E-02 -2.6038E-05
   74.00  3.0604E+08 -7.3546E-02  7.2137E-02  5.9057E-02  3.6824E-02 -3.3539E-05
   75.00  3.1899E+08 -1.1116E-01  8.0512E-02  6.1384E-02  3.8484E-02 -4.6847E-05
   76.00  3.3507E+08 -1.3816E-01  7.1820E-02  5.0655E-02  2.7130E-02 -3.7778E-05
   77.00  3.3674E+08 -1.5138E-01  6.4234E-02  3.8224E-02  1.7721E-02 -9.1086E-06
   78.00  3.1335E+08 -1.4693E-01  6.9734E-02  4.3724E-02  2.0394E-02  8.8172E-06
   79.00  2.8528E+08 -1.2622E-01  8.5254E-02  6.4853E-02  2.8587E-02 -1.2237E-05
   80.00  2.7731E+08 -1.0285E-01  1.0446E-01  7.8228E-02  2.1145E-02 -3.8796E-05
   81.00  2.8579E+08 -8.1283E-02  1.1258E-01  6.8629E-02  2.7069E-04 -2.1876E-05
   82.00  2.9088E+08 -6.9558E-02  1.0290E-01  4.2646E-02 -9.7015E-03 -8.7202E-07
   83.00  2.8685E+08 -7.9247E-02  8.2407E-02  1.6894E-02 -4.2673E-03 -2.4073E-05
   84.00  2.7998E+08 -1.1305E-01  6.6398E-02  5.9640E-03 -7.1356E-04 -4.6110E-05
   85.00  2.7253E+08 -1.6893E-01  6.2516E-02  8.8096E-03 -4.5208E-03 -2.4798E-05
   86.00  2.6820E+08 -2.1797E-01  6.8726E-02  1.8042E-02 -9.8028E-04 -8.9982E-06
   87.00  2.6376E+08 -2.1393E-01  8.6301E-02  3.9260E-02  6.1101E-03 -1.2592E-05
   88.00  2.5553E+08 -1.6936E-01  9.9791E-02  7.3266E-02 -3.4557E-03 -1.0357E-05
   89.00  2.5963E+08 -1.5169E-01  9.6757E-02  8.0082E-02 -1.6570E-02 -1.1988E-05
   90.00  2.7483E+08 -1.7112E-01  9.6197E-02  4.1178E-02 -5.2768E-03 -9.2852E-06
   91.00  2.7709E+08 -1.7658E-01  9.8739E-02  2.3484E-03  1.2174E-02  1.2808E-06
   92.00  2.6930E+08 -1.5990E-01  9.7730E-02 -1.6826E-03  1.0604E-02 -7.5363E-06
   93.00  2.7368E+08 -1.4982E-01  1.0031E-01  2.3474E-02  1.9034E-03 -2.8056E-05
   94.00  2.8966E+08 -1.5552E-01  1.0030E-01  4.4600E-02  3.9171E-03 -3.9344E-05
   95.00  2.8978E+08 -1.5344E-01  8.5970E-02  3.9681E-02  9.6926E-03 -5.0933E-05
   96.00  2.6528E+08 -1.2873E-01  6.3496E-02  1.3270E-02  9.0761E-03 -5.1897E-05
   97.00  2.5102E+08 -1.1407E-01  7.4821E-02 -4.3941E-03  1.2717E-03 -3.4004E-05
   98.00  2.6427E+08 -1.2790E-01  1.2137E-01  2.2456E-03  2.6893E-03 -1.3287E-05
   99.00  2.7464E+08 -1.2303E-01  1.3668E-01  9.6611E-03  1.3999E-02  1.1147E-05
  100.00  2.6785E+08 -9.7006E-02  1.1069E-01  8.3753E-03  1.9381E-02  3.1896E-05
  101.00  2.6506E+08 -8.1410E-02  7.9483E-02 -4.9175E-03  1.3315E-02  3.1655E-05
  102.00  2.7330E+08 -7.0658E-02  5.9055E-02 -2.1596E-02  3.0445E-03  1.6631E-05
  103.00  2.7725E+08 -5.6524E-02  3.5759E-02 -2.0484E-02 -1.2837E-03  2.0492E-05
  104.00  2.7550E+08 -6.1882E-02  1.8165E-02 -9.2804E-03  4.6147E-03  4.8374E-05
  105.00  2.7847E+08 -9.3655E-02  3.4169E-02 -5.9632E-03  1.5454E-02  4.3478E-05
  106.00  2.7937E+08 -1.1965E-01  6.4746E-02 -9.2117E-03  2.6175E-02 -6.2965E-07
  107.00  2.7093E+08 -1.1542E-01  7.0345E-02 -3.3357E-02  3.2383E-02 -2.2853E-05
  108.00  2.6541E+08 -9.8767E-02  7.1400E-02 -8.5318E-02  2.3683E-02 -1.4588E-05
  109.00  2.7381E+08 -9.6344E-02  1.0099E-01 -1.2202E-01  4.2529E-03 -4.0394E-06
  110.00  2.9292E+08 -9.4064E-02  1.1943E-01 -1.2392E-01 -5.6658E-03  7.5630E-06
  111.00  3.0865E+08 -7.9545E-02  1.0546E-01 -1.1365E-01 -5.0550E-03  1.1993E-05
  112.00  3.0934E+08 -5.9688E-02  8.8256E-02 -1.0472E-01 -1.1740E-02 -1.1249E-06
  113.00  3.0210E+08 -3.7789E-02  6.1821E-02 -1.0454E-01 -2.9318E-02 -2.4144E-05
  114.00  2.9947E+08 -3.5184E-02  2.1994E-02 -1.0737E-01 -3.5880E-02 -3.3696E-05
  115.00  3.0288E+08 -7.0184E-02  2.4941E-02 -9.4498E-02 -2.2753E-02 -3.0837E-05
  116.00  3.0895E+08 -9.4117E-02  6.2901E-02 -6.9436E-02 -9.5535E-03 -4.1158E-05
  117.00  3.1036E+08 -5.6823E-02  6.1282E-02 -4.9136E-02 -9.7938E-03 -3.6286E-05
  118.00  3.0729E+08 -5.0881E-03  3.4298E-02 -4.6180E-02 -1.8980E-02  1.8230E-05
  119.00  3.1446E+08 -1.7012E-02  4.8983E-02 -6.4643E-02 -2.6755E-02  6.9640E-05
  120.00  3.3019E+08 -6.4485E-02  9.9067E-02 -7.9726E-02 -3.2852E-02  8.3088E-05
  121.00  3.3560E+08 -7.3908E-02  1.3829E-01 -7.2536E-02 -4.4389E-02  9.0611E-05
  122.00  3.3007E+08 -4.6236E-02  1.4194E-01 -6.4233E-02 -5.6236E-02  7.8384E-05
  123.00  3.3049E+08 -2.6020E-02  1.2289E-01 -8.6771E-02 -5.3841E-02  3.6808E-05
  124.00  3.4661E+08 -2.3327E-02  1.1736E-01 -1.2916E-01 -3.7028E-02  1.1634E-05
  125.00  3.7062E+08 -1.2457E-02  1.2422E-01 -1.5747E-01 -2.4019E-02  1.8241E-05
  126.00  3.8124E+08  2.0064E-02  1.2392E-01 -1.7446E-01 -2.3066E-02  2.5416E-05
  127.00  3.7152E+08  5.4765E-02  1.0816E-01 -1.9270E-01 -2.9631E-02  1.7798E-05
  128.00  3.6558E+08  4.9863E-02  7.7088E-02 -2.0438E-01 -4.0240E-02  2.0614E-05
  129.00  3.7947E+08  4.1687E-03  5.8956E-02 -2.0716E-01 -4.3421E-02  4.0617E-05
  130.00  3.9916E+08 -3.4534E-02  6.4712E-02 -2.1313E-01 -3.0413E-02  5.0487E-05
  131.00  4.1182E+08 -4.6098E-02  6.4480E-02 -2.2442E-01 -6.1815E-03  3.2236E-05
  132.00  4.1200E+08 -4.7590E-02  5.9378E-02 -2.2394E-01  2.1390E-02 -1.4179E-05
  133.00  3.9557E+08 -5.4887E-02  8.5680E-02 -2.0014E-01  3.5942E-02 -6.3330E-05
  134.00  3.7453E+08 -5.8891E-02  1.4327E-01 -1.7028E-01  2.5317E-02 -7.7449E-05
  135.00  3.6430E+08 -4.5467E-02  1.8406E-01 -1.5103E-01  5.1750E-03 -4.1311E-05
  136.00  3.6625E+08 -2.7219E-02  1.7999E-01 -1.3885E-01 -7.9830E-03 -5.5291E-06
  137.00  3.7463E+08 -2.4231E-02  1.6479E-01 -1.4073E-01 -1.0685E-02 -1.0178E-05
  138.00  3.8264E+08 -2.6947E-02  1.7380E-01 -1.5762E-01 -5.9187E-04 -1.3069E-05
  139.00  3.8991E+08 -9.3322E-03  1.8415E-01 -1.6423E-01  1.1147E-02  2.4546E-05
  140.00  4.0091E+08  2.3809E-02  1.7787E-01 -1.5313E-01  1.4586E-02  7.2503E-05
  141.00  4.1391E+08  3.3783E-02  1.7523E-01 -1.4450E-01  1.6037E-02  7.3082E-05
  142.00  4.1516E+08  5.4875E-03  1.7993E-01 -1.3664E-01  1.6613E-02  3.2896E-05
  143.00  3.9031E+08 -3.7730E-02  1.8347E-01 -1.1629E-01  1.4085E-02  5.4950E-06
  144.00  3.5234E+08 -6.5357E-02  1.8017E-01 -1.0239E-01  1.6450E-02 -4.4331E-06
  145.00  3.3197E+08 -5.4039E-02  1.5995E-01 -1.2525E-01  2.5717E-02 -1.0136E-05
  146.00  3.3791E+08 -1.6013E-02  1.3246E-01 -1.5757E-01  3.4318E-02  2.9102E-06
  147.00  3.5686E+08  1.0502E-02  1.2581E-01 -1.5541E-01  4.6643E-02  1.1353E-05
  148.00  3.7672E+08  1.2890E-02  1.4736E-01 -1.3705E-01  6.0647E-02 -3.3379E-06
  149.00  3.9060E+08 -5.5950E-03  1.7625E-01 -1.3259E-01  6.3482E-02 -2.1855E-05
  150.00  3.9657E+08 -4.5682E-02  1.8394E-01 -1.2864E-01  5.3701E-02 -2.3716E-05
  151.00  3.9664E+08 -8.3849E-02  1.5848E-01 -1.1386E-01  3.4205E-02 -1.0592E-05
  152.00  3.9438E+08 -8.2085E-02  1.1628E-01 -9.9274E-02  4.3224E-03 -1.2027E-05
  153.00  3.9792E+08 -4.2102E-02  9.1983E-02 -8.1063E-02 -2.2178E-02 -1.2191E-05
  154.00  4.1330E+08  7.0774E-03  1.0728E-01 -6.7971E-02 -2.5689E-02  2.1268E-05
  155.00  4.3103E+08  4.8642E-02  1.3580E-01 -8.2072E-02 -1.7020E-02  3.4786E-05
  156.00  4.3225E+08  7.0438E-02  1.3400E-01 -1.0166E-01 -1.5963E-02  3.0386E-06
  157.00  4.1967E+08  6.0420E-02  1.0177E-01 -1.0458E-01 -1.6370E-02 -2.0881E-05
  158.00  4.1599E+08  2.6002E-02  8.6564E-02 -1.1414E-01 -1.1622E-02 -5.7115E-06
  159.00  4.2078E+08 -4.5557E-03  1.0900E-01 -1.3501E-01 -1.6802E-02  3.9454E-05
  160.00  4.1761E+08 -2.3669E-02  1.3633E-01 -1.3806E-01 -3.1599E-02  7.0565E-05
  161.00  4.1406E+08 -4.5495E-02  1.5587E-01 -1.2825E-01 -3.4784E-02  3.3543E-05
  162.00  4.2694E+08 -6.7612E-02  1.7779E-01 -1.4734E-01 -2.8082E-02 -3.4750E-05
  163.00  4.5042E+08 -6.9045E-02  1.8519E-01 -2.0280E-01 -3.8692E-02 -5.8252E-05
  164.00  4.5982E+08 -4.0163E-02  1.7050E-01 -2.4625E-01 -6.8406E-02 -3.7591E-05
  165.00  4.3486E+08  1.0111E-02  1.6689E-01 -2.3798E-01 -8.8546E-02 -2.6971E-05
  166.00  3.9148E+08  4.4098E-02  2.0116E-01 -1.8990E-01 -7.0808E-02 -5.4218E-05
  167.00  3.8660E+08 -1.7515E-03  2.4377E-01 -1.7829E-01 -1.9671E-02 -6.0094E-05
  168.00  4.5418E+08 -9.0966E-02  2.5920E-01 -2.4491E-01  1.2974E-02 -2.5522E-05
  169.00  5.5626E+08 -1.3047E-01  2.7695E-01 -3.0187E-01  1.1655E-02 -1.6634E-05
  170.00  6.2791E+08 -1.2426E-01  3.0241E-01 -2.9630E-01  1.4560E-03 -2.7880E-05
  171.00  6.3834E+08 -9.7861E-02  3.1372E-01 -2.5405E-01  1.8495E-03 -3.5805E-05
  172.00  6.1366E+08 -5.2035E-02  3.0332E-01 -2.3211E-01  1.6316E-02 -2.8810E-05
  173.00  6.0857E+08  2.5715E-03  2.8381E-01 -2.6007E-01  2.2616E-02  4.2386E-05
  174.00  6.3033E+08  3.8874E-02  2.7728E-01 -2.9413E-01  6.0311E-03  1.5199E-04
  175.00  6.4141E+08  6.4803E-02  2.8779E-01 -2.8653E-01 -8.3023E-03  1.7162E-04
  176.00  6.3202E+08  9.1883E-02  2.9872E-01 -2.5280E-01 -2.7932E-03  1.0476E-04
  177.00  5.9010E+08  1.0345E-01  2.9690E-01 -2.4010E-01  6.2548E-03  6.2958E-05
  178.00  4.6027E+08  9.0875E-02  2.8449E-01 -2.5333E-01  4.7120E-03  4.6034E-05
  179.00  2.6285E+08  5.1440E-02  2.6288E-01 -2.5762E-01 -1.2874E-04 -2.7335E-05
  180.00  1.6093E+08  2.2709E-12  2.3916E-01 -2.3916E-01 -6.9502E-14 -1.4561E-04
 diffuse scattering matrix 
   theta     11          12          22          33          34          44     
    0.00  2.8125E+10 -3.1031E-06  4.9106E-01  4.9106E-01 -2.5674E-07  1.9569E-04
    1.00  2.3545E+10 -4.8237E-03  4.8916E-01  4.8961E-01 -4.5432E-04  1.4865E-04
    2.00  1.3944E+10 -2.0899E-02  4.7993E-01  4.8748E-01 -2.5900E-03  4.0373E-05
    3.00  6.2301E+09 -5.6985E-02  4.5132E-01  4.8971E-01 -8.7023E-03  6.1560E-05
    4.00  2.6725E+09 -1.3452E-01  3.9631E-01  4.8826E-01 -2.1360E-02  5.0230E-04
    5.00  1.5062E+09 -2.4125E-01  3.5754E-01  4.5509E-01 -4.0373E-02  6.7906E-04
    6.00  9.9339E+08 -3.0879E-01  3.3524E-01  4.0786E-01 -6.2409E-02  2.9693E-04
    7.00  6.8672E+08 -2.3457E-01  2.8271E-01  3.6279E-01 -6.6075E-02  8.4622E-05
    8.00  5.5514E+08 -5.3062E-02  2.1768E-01  3.2857E-01 -4.1944E-02  2.6929E-05
    9.00  5.0635E+08 -1.3427E-02  1.8062E-01  3.1774E-01 -3.1567E-02 -2.3114E-05
   10.00  4.9875E+08 -5.1074E-02  2.1024E-01  3.2099E-01 -2.9906E-02 -1.6796E-04
   11.00  5.2838E+08  2.9650E-02  2.9654E-01  3.1397E-01 -1.6353E-02 -1.0124E-04
   12.00  5.7303E+08  1.5929E-01  3.3986E-01  2.9270E-01 -1.1903E-02  1.7853E-04
   13.00  6.0529E+08  2.2030E-01  3.2144E-01  2.6138E-01 -1.9624E-02  2.4775E-04
   14.00  6.0294E+08  2.2395E-01  2.9784E-01  2.2811E-01 -2.4481E-02  1.4178E-04
   15.00  5.5853E+08  2.1012E-01  2.8433E-01  2.0933E-01 -2.1345E-02 -1.3620E-05
   16.00  4.8498E+08  1.7435E-01  2.6297E-01  2.1151E-01 -1.1027E-02 -1.6316E-04
   17.00  4.2279E+08  8.6039E-02  2.3418E-01  2.3212E-01  3.1225E-03 -1.7145E-04
   18.00  4.0420E+08 -2.0710E-02  2.2316E-01  2.5167E-01  1.4983E-02 -6.4329E-05
   19.00  4.0750E+08 -7.4686E-02  2.2449E-01  2.5530E-01  2.3686E-02 -5.7036E-06
   20.00  4.0030E+08 -8.6155E-02  2.0453E-01  2.6091E-01  3.9576E-02 -1.7649E-05
   21.00  3.9404E+08 -7.5082E-02  1.7559E-01  2.6466E-01  6.2660E-02 -2.2919E-05
   22.00  4.1029E+08 -4.3242E-02  1.8147E-01  2.4064E-01  7.5603E-02  1.7361E-05
   23.00  4.4358E+08 -9.5453E-03  2.0835E-01  2.1068E-01  7.5569E-02  1.5427E-05
   24.00  4.7368E+08  1.2184E-02  2.2078E-01  2.1224E-01  6.8369E-02 -7.9598E-05
   25.00  4.8507E+08  2.0013E-02  2.1578E-01  2.3931E-01  5.3038E-02 -1.5643E-04
   26.00  4.7930E+08  1.3086E-02  2.1017E-01  2.6186E-01  3.6838E-02 -7.4589E-05
   27.00  4.6185E+08 -2.3190E-03  2.3336E-01  2.6218E-01  3.7434E-02  8.5669E-05
   28.00  4.3308E+08 -7.7988E-03  2.8391E-01  2.4375E-01  5.2767E-02  1.2506E-04
   29.00  4.0838E+08  1.7665E-02  3.0862E-01  2.1459E-01  5.1194E-02  6.6153E-05
   30.00  4.1322E+08  5.7733E-02  2.9044E-01  1.9300E-01  1.4637E-02  2.7179E-05
   31.00  4.5059E+08  6.3092E-02  2.7421E-01  1.9491E-01 -2.9683E-02 -2.8288E-05
   32.00  4.8964E+08  3.2640E-02  2.6693E-01  2.0066E-01 -5.2774E-02 -7.8241E-05
   33.00  4.9734E+08  4.5239E-03  2.5368E-01  1.9683E-01 -4.8407E-02 -3.3885E-05
   34.00  4.7635E+08  1.3158E-02  2.4252E-01  1.8733E-01 -2.2760E-02  6.8670E-05
   35.00  4.5325E+08  6.4731E-02  2.5456E-01  1.7194E-01  1.5273E-03  8.5343E-05
   36.00  4.4352E+08  1.1298E-01  2.7987E-01  1.6550E-01  1.9841E-03 -1.3119E-05
   37.00  4.4044E+08  1.0745E-01  2.6902E-01  1.8533E-01 -9.3083E-03 -6.7655E-05
   38.00  4.2819E+08  6.0804E-02  2.1736E-01  2.1119E-01 -8.1379E-03 -1.6383E-05
   39.00  4.0300E+08  2.2786E-02  1.7801E-01  2.1604E-01  3.3391E-03  3.0119E-05
   40.00  3.7888E+08  1.4838E-02  1.7842E-01  2.1124E-01  5.7949E-03  3.3811E-05
   41.00  3.7347E+08  7.6795E-03  1.8774E-01  2.2031E-01 -8.2828E-03  5.1232E-05
   42.00  3.8924E+08 -2.0031E-02  1.8760E-01  2.2123E-01 -2.2972E-02  5.2796E-05
   43.00  4.1128E+08 -4.8229E-02  1.9950E-01  1.9875E-01 -2.6153E-02  3.0838E-05
   44.00  4.2811E+08 -6.4203E-02  2.1524E-01  1.7931E-01 -2.6279E-02  3.8051E-05
   45.00  4.4111E+08 -7.3208E-02  2.2008E-01  1.7294E-01 -2.7157E-02  4.9643E-05
   46.00  4.4989E+08 -7.7834E-02  2.3919E-01  1.7181E-01 -2.1553E-02  2.9585E-05
   47.00  4.4467E+08 -7.1393E-02  2.6973E-01  1.7724E-01 -1.3163E-02  8.6089E-06
   48.00  4.2047E+08 -4.4068E-02  2.7305E-01  1.8085E-01 -9.4726E-03  4.2303E-07
   49.00  3.8901E+08 -9.5602E-03  2.4622E-01  1.6579E-01 -4.5907E-03 -1.5842E-05
   50.00  3.6150E+08  3.1529E-04  2.1459E-01  1.3349E-01  5.5123E-03 -3.1823E-05
   51.00  3.3749E+08 -1.1902E-02  1.9448E-01  1.0463E-01  1.1441E-02 -2.2794E-05
   52.00  3.2315E+08 -2.2983E-02  1.9969E-01  9.3658E-02  1.0300E-02 -8.6136E-06
   53.00  3.2761E+08 -1.9209E-02  2.1600E-01  9.2367E-02  1.2158E-02 -1.4967E-05
   54.00  3.4521E+08 -6.8424E-03  1.9893E-01  9.9057E-02  2.0892E-02 -2.2996E-06
   55.00  3.6074E+08 -1.1064E-02  1.5320E-01  1.1177E-01  2.5876E-02  5.3515E-05
   56.00  3.6064E+08 -2.3247E-02  1.2811E-01  1.0489E-01  1.6290E-02  1.0259E-04
   57.00  3.4843E+08 -1.4533E-02  1.3431E-01  8.2595E-02 -9.3639E-04  9.0448E-05
   58.00  3.3974E+08  5.5495E-03  1.3983E-01  8.1538E-02 -2.0380E-03  2.9857E-05
   59.00  3.3599E+08  1.9856E-02  1.4006E-01  8.3901E-02  1.7011E-02 -6.3504E-07
   60.00  3.3418E+08  3.0270E-02  1.5131E-01  4.7427E-02  3.2572E-02  3.3394E-05
   61.00  3.3934E+08  1.6515E-02  1.6252E-01  1.1279E-02  3.2879E-02  7.2533E-05
   62.00  3.4738E+08 -3.4434E-02  1.5675E-01  2.9747E-02  2.4514E-02  6.7669E-05
   63.00  3.4879E+08 -8.9624E-02  1.4636E-01  7.1303E-02  1.1000E-02  3.5103E-05
   64.00  3.4373E+08 -1.0962E-01  1.4657E-01  8.9407E-02  1.0937E-04  6.8325E-06
   65.00  3.3730E+08 -9.8895E-02  1.4618E-01  8.9149E-02  2.8781E-03 -7.6272E-06
   66.00  3.3106E+08 -9.2992E-02  1.4033E-01  9.3377E-02  6.8063E-03 -2.3098E-05
   67.00  3.2529E+08 -9.8768E-02  1.3287E-01  1.0298E-01 -6.6568E-03  1.6209E-05
   68.00  3.2115E+08 -9.4252E-02  1.1392E-01  1.0663E-01 -2.3368E-02  1.1738E-04
   69.00  3.1537E+08 -7.5832E-02  8.2954E-02  1.1247E-01 -2.1303E-02  1.6318E-04
   70.00  3.0640E+08 -6.5030E-02  4.9591E-02  1.3529E-01 -8.9021E-03  2.0629E-04
   71.00  2.9938E+08 -6.7674E-02  3.3529E-02  1.4720E-01 -3.2807E-03  2.2824E-04
   72.00  2.9601E+08 -6.0826E-02  4.3045E-02  1.1446E-01  2.4011E-03  3.2837E-05
   73.00  2.9603E+08 -5.2189E-02  5.7891E-02  7.0320E-02  1.9761E-02 -1.3993E-04
   74.00  3.0169E+08 -7.3447E-02  7.2509E-02  5.9014E-02  3.7153E-02 -7.9587E-05
   75.00  3.1456E+08 -1.1083E-01  8.0253E-02  6.2637E-02  3.8391E-02 -7.0570E-05
   76.00  3.3045E+08 -1.3751E-01  7.1213E-02  5.2190E-02  2.6656E-02 -1.1301E-04
   77.00  3.3211E+08 -1.5065E-01  6.3559E-02  3.9112E-02  1.7302E-02 -4.6955E-05
   78.00  3.0907E+08 -1.4621E-01  6.8920E-02  4.3843E-02  2.0357E-02 -9.8276E-06
   79.00  2.8133E+08 -1.2549E-01  8.4538E-02  6.4330E-02  2.8838E-02 -7.3940E-05
   80.00  2.7337E+08 -1.0253E-01  1.0441E-01  7.7315E-02  2.1314E-02 -1.0417E-04
   81.00  2.8168E+08 -8.1639E-02  1.1314E-01  6.7574E-02  2.1319E-04 -6.8399E-05
   82.00  2.8663E+08 -7.0069E-02  1.0356E-01  4.1579E-02 -9.8749E-03 -3.8280E-05
   83.00  2.8258E+08 -7.9310E-02  8.2881E-02  1.6150E-02 -4.5464E-03 -4.6209E-05
   84.00  2.7582E+08 -1.1259E-01  6.6896E-02  5.7659E-03 -1.2106E-03 -6.0279E-05
   85.00  2.6851E+08 -1.6805E-01  6.3208E-02  8.7732E-03 -5.2013E-03 -4.4277E-05
   86.00  2.6423E+08 -2.1699E-01  6.9309E-02  1.7782E-02 -1.6673E-03 -3.1189E-05
   87.00  2.5990E+08 -2.1361E-01  8.6569E-02  3.8803E-02  5.5310E-03 -2.8552E-05
   88.00  2.5186E+08 -1.6999E-01  1.0002E-01  7.2693E-02 -3.8385E-03 -1.6153E-05
   89.00  2.5588E+08 -1.5261E-01  9.7269E-02  7.9582E-02 -1.6651E-02 -8.8586E-06
   90.00  2.7081E+08 -1.7179E-01  9.6893E-02  4.0939E-02 -5.1244E-03 -4.7728E-06
   91.00  2.7304E+08 -1.7716E-01  9.9490E-02  2.3798E-03  1.2316E-02 -9.2983E-07
   92.00  2.6546E+08 -1.6040E-01  9.8667E-02 -1.5344E-03  1.0494E-02 -1.8585E-05
   93.00  2.6992E+08 -1.5010E-01  1.0145E-01  2.3334E-02  1.5620E-03 -3.9942E-05
   94.00  2.8580E+08 -1.5583E-01  1.0152E-01  4.4009E-02  3.5590E-03 -4.0944E-05
   95.00  2.8596E+08 -1.5399E-01  8.7141E-02  3.8863E-02  9.4725E-03 -4.5930E-05
   96.00  2.6182E+08 -1.2944E-01  6.4426E-02  1.2469E-02  9.0762E-03 -5.5071E-05
   97.00  2.4785E+08 -1.1485E-01  7.5370E-02 -4.9682E-03  1.4664E-03 -4.8482E-05
   98.00  2.6095E+08 -1.2857E-01  1.2144E-01  1.8458E-03  2.9487E-03 -2.5061E-05
   99.00  2.7104E+08 -1.2356E-01  1.3655E-01  9.3034E-03  1.4303E-02  5.5306E-06
  100.00  2.6428E+08 -9.7670E-02  1.1102E-01  8.1743E-03  1.9745E-02  2.9296E-05
  101.00  2.6161E+08 -8.2156E-02  8.0481E-02 -4.8738E-03  1.3654E-02  3.3669E-05
  102.00  2.6978E+08 -7.0885E-02  6.0045E-02 -2.1517E-02  3.3164E-03  1.7955E-05
  103.00  2.7354E+08 -5.6083E-02  3.6395E-02 -2.0587E-02 -1.0450E-03  1.7063E-05
  104.00  2.7157E+08 -6.1143E-02  1.8640E-02 -9.6017E-03  4.9133E-03  5.0082E-05
  105.00  2.7436E+08 -9.2994E-02  3.4551E-02 -6.3463E-03  1.5948E-02  5.4655E-05
  106.00  2.7531E+08 -1.1938E-01  6.4965E-02 -9.3131E-03  2.6770E-02  6.6231E-06
  107.00  2.6716E+08 -1.1570E-01  7.0663E-02 -3.3059E-02  3.2757E-02 -3.7710E-05
  108.00  2.6181E+08 -9.9382E-02  7.2143E-02 -8.4934E-02  2.3668E-02 -5.1756E-05
  109.00  2.7006E+08 -9.7094E-02  1.0193E-01 -1.2184E-01  4.0065E-03 -3.5921E-05
  110.00  2.8884E+08 -9.4992E-02  1.2022E-01 -1.2399E-01 -5.9545E-03 -5.4858E-06
  111.00  3.0430E+08 -8.0554E-02  1.0605E-01 -1.1398E-01 -5.4148E-03  1.9353E-06
  112.00  3.0495E+08 -6.0742E-02  8.8678E-02 -1.0529E-01 -1.2301E-02 -1.6990E-05
  113.00  2.9772E+08 -3.8640E-02  6.2026E-02 -1.0529E-01 -3.0064E-02 -3.7940E-05
  114.00  2.9490E+08 -3.5349E-02  2.2056E-02 -1.0845E-01 -3.6671E-02 -4.1422E-05
  115.00  2.9816E+08 -6.9961E-02  2.5038E-02 -9.5828E-02 -2.3431E-02 -3.4766E-05
  116.00  3.0436E+08 -9.4155E-02  6.2938E-02 -7.0442E-02 -1.0013E-02 -4.3783E-05
  117.00  3.0592E+08 -5.7491E-02  6.1097E-02 -4.9355E-02 -1.0075E-02 -4.2588E-05
  118.00  3.0290E+08 -6.4786E-03  3.4072E-02 -4.5635E-02 -1.9213E-02  1.0680E-05
  119.00  3.0995E+08 -1.8618E-02  4.9057E-02 -6.3749E-02 -2.6880E-02  7.1353E-05
  120.00  3.2542E+08 -6.5564E-02  9.9659E-02 -7.8890E-02 -3.2702E-02  9.2881E-05
  121.00  3.3069E+08 -7.4225E-02  1.3926E-01 -7.1959E-02 -4.4037E-02  9.7229E-05
  122.00  3.2530E+08 -4.6111E-02  1.4288E-01 -6.3992E-02 -5.5913E-02  7.6493E-05
  123.00  3.2587E+08 -2.6047E-02  1.2354E-01 -8.7016E-02 -5.3663E-02  2.8184E-05
  124.00  3.4190E+08 -2.3702E-02  1.1783E-01 -1.2983E-01 -3.6876E-02  2.3129E-06
  125.00  3.6571E+08 -1.2982E-02  1.2478E-01 -1.5810E-01 -2.3731E-02  1.5489E-05
  126.00  3.7637E+08  1.9630E-02  1.2470E-01 -1.7483E-01 -2.2693E-02  2.7639E-05
  127.00  3.6687E+08  5.4613E-02  1.0922E-01 -1.9302E-01 -2.9366E-02  1.8812E-05
  128.00  3.6093E+08  4.9857E-02  7.8323E-02 -2.0468E-01 -4.0172E-02  2.0568E-05
  129.00  3.7453E+08  4.0098E-03  5.9843E-02 -2.0730E-01 -4.3463E-02  4.2675E-05
  130.00  3.9394E+08 -3.4695E-02  6.4824E-02 -2.1325E-01 -3.0517E-02  5.1642E-05
  131.00  4.0650E+08 -4.6149E-02  6.3931E-02 -2.2458E-01 -6.4531E-03  2.9975E-05
  132.00  4.0677E+08 -4.7740E-02  5.8663E-02 -2.2392E-01  2.0867E-02 -2.0638E-05
  133.00  3.9064E+08 -5.5249E-02  8.5254E-02 -1.9994E-01  3.5390E-02 -7.2720E-05
  134.00  3.6986E+08 -5.9476E-02  1.4316E-01 -1.7018E-01  2.5082E-02 -7.6183E-05
  135.00  3.5961E+08 -4.6172E-02  1.8403E-01 -1.5117E-01  5.1862E-03 -3.3137E-05
  136.00  3.6128E+08 -2.7800E-02  1.7995E-01 -1.3898E-01 -7.9547E-03 -5.1323E-06
  137.00  3.6926E+08 -2.4655E-02  1.6476E-01 -1.4011E-01 -1.0646E-02  8.6499E-06
  138.00  3.7683E+08 -2.7252E-02  1.7369E-01 -1.5612E-01 -5.1478E-04  4.0272E-05
  139.00  3.8395E+08 -9.4625E-03  1.8380E-01 -1.6285E-01  1.1351E-02  7.7690E-05
  140.00  3.9514E+08  2.3734E-02  1.7750E-01 -1.5243E-01  1.5033E-02  9.0113E-05
  141.00  4.0809E+08  3.3665E-02  1.7522E-01 -1.4383E-01  1.6581E-02  1.8514E-05
  142.00  4.0902E+08  5.3635E-03  1.8014E-01 -1.3558E-01  1.7004E-02 -1.4287E-04
  143.00  3.8436E+08 -3.7840E-02  1.8360E-01 -1.1511E-01  1.4388E-02 -2.1898E-04
  144.00  3.4717E+08 -6.5252E-02  1.8015E-01 -1.0143E-01  1.6910E-02 -6.9721E-05
  145.00  3.2748E+08 -5.3699E-02  1.5980E-01 -1.2461E-01  2.6303E-02  1.0201E-04
  146.00  3.3359E+08 -1.5636E-02  1.3237E-01 -1.5698E-01  3.4712E-02  1.0165E-04
  147.00  3.5227E+08  1.1017E-02  1.2588E-01 -1.5475E-01  4.6630E-02  5.1987E-05
  148.00  3.7170E+08  1.3635E-02  1.4747E-01 -1.3650E-01  6.0253E-02  1.6001E-05
  149.00  3.8529E+08 -4.5853E-03  1.7616E-01 -1.3244E-01  6.2863E-02 -1.5411E-05
  150.00  3.9109E+08 -4.4280E-02  1.8355E-01 -1.2906E-01  5.3128E-02 -2.7600E-05
  151.00  3.9099E+08 -8.2178E-02  1.5807E-01 -1.1467E-01  3.3835E-02 -1.4664E-05
  152.00  3.8871E+08 -8.0525E-02  1.1623E-01 -9.9923E-02  3.9836E-03  4.6105E-06
  153.00  3.9216E+08 -4.0881E-02  9.2262E-02 -8.0861E-02 -2.2552E-02  1.1703E-05
  154.00  4.0712E+08  8.1880E-03  1.0740E-01 -6.6712E-02 -2.5952E-02  1.8771E-05
  155.00  4.2450E+08  4.9881E-02  1.3552E-01 -8.0394E-02 -1.7143E-02  1.7009E-05
  156.00  4.2602E+08  7.1464E-02  1.3358E-01 -1.0028E-01 -1.5994E-02 -6.1204E-06
  157.00  4.1402E+08  6.0777E-02  1.0176E-01 -1.0381E-01 -1.6238E-02 -2.3336E-05
  158.00  4.1030E+08  2.5790E-02  8.7312E-02 -1.1393E-01 -1.1303E-02 -1.2958E-05
  159.00  4.1436E+08 -4.8680E-03  1.1033E-01 -1.3468E-01 -1.6401E-02  2.5071E-05
  160.00  4.1062E+08 -2.3579E-02  1.3792E-01 -1.3660E-01 -3.1198E-02  6.0896E-05
  161.00  4.0704E+08 -4.4657E-02  1.5749E-01 -1.2554E-01 -3.4365E-02  3.9164E-05
  162.00  4.2018E+08 -6.6180E-02  1.7915E-01 -1.4472E-01 -2.7873E-02 -2.3515E-05
  163.00  4.4404E+08 -6.7687E-02  1.8598E-01 -2.0123E-01 -3.9006E-02 -5.3977E-05
  164.00  4.5391E+08 -3.9510E-02  1.7086E-01 -2.4539E-01 -6.9033E-02 -3.7526E-05
  165.00  4.2936E+08  1.0274E-02  1.6698E-01 -2.3722E-01 -8.9112E-02 -2.6675E-05
  166.00  3.8601E+08  4.5005E-02  2.0066E-01 -1.8890E-01 -7.1131E-02 -6.0647E-05
  167.00  3.8054E+08  3.2238E-04  2.4251E-01 -1.7732E-01 -1.9408E-02 -7.2049E-05
  168.00  4.4734E+08 -8.8929E-02  2.5765E-01 -2.4476E-01  1.3625E-02 -3.0717E-05
  169.00  5.4898E+08 -1.2875E-01  2.7579E-01 -3.0226E-01  1.2058E-02 -1.6738E-05
  170.00  6.2044E+08 -1.2290E-01  3.0178E-01 -2.9677E-01  1.4989E-03 -2.5007E-05
  171.00  6.3074E+08 -9.6886E-02  3.1342E-01 -2.5449E-01  1.6846E-03 -3.1802E-05
  172.00  6.0601E+08 -5.0931E-02  3.0325E-01 -2.3247E-01  1.6037E-02 -3.3324E-05
  173.00  6.0104E+08  4.2059E-03  2.8404E-01 -2.6021E-01  2.2273E-02  2.7101E-05
  174.00  6.2291E+08  4.0239E-02  2.7762E-01 -2.9374E-01  5.8135E-03  1.4065E-04
  175.00  6.3350E+08  6.5050E-02  2.8769E-01 -2.8536E-01 -8.1620E-03  1.6908E-04
  176.00  6.2296E+08  9.1419E-02  2.9778E-01 -2.5076E-01 -2.2756E-03  1.0776E-04
  177.00  5.8045E+08  1.0346E-01  2.9536E-01 -2.3769E-01  6.9020E-03  8.5375E-05
  178.00  4.5219E+08  9.1772E-02  2.8315E-01 -2.5158E-01  5.1653E-03  8.8158E-05
  179.00  2.5812E+08  5.2386E-02  2.6315E-01 -2.5784E-01  3.4363E-05 -4.4315E-05
  180.00  1.5806E+08  2.3195E-12  2.4190E-01 -2.4190E-01 -6.4127E-14 -3.0129E-04
 azimuthal averaged scattering matrix expansion coefficients
    n       11          44          12          34         22p         22m
    0  1.0000E+00  1.0972E-05  0.0000E+00  0.0000E+00  0.0000E+00  0.0000E+00
    1  1.7338E-01  3.0830E-05  0.0000E+00  0.0000E+00  0.0000E+00  0.0000E+00
    2  5.7941E-01  4.8085E-05 -1.2353E-01  1.6007E-03  3.6864E-01  1.8847E-01
    3  2.4604E-01  4.4210E-05  4.4697E-03  1.2030E-02  2.1342E-01 -4.9434E-02
    4  3.0497E-01  3.2185E-05  6.5619E-02 -5.6590E-03  1.7283E-01  2.0992E-02
    5  3.9797E-01  7.6705E-05  3.3946E-02 -1.1170E-02  2.1111E-01  1.7738E-02
    6  5.5197E-01  1.4382E-04 -1.4122E-02  2.1461E-02  1.9689E-01  5.6902E-02
    7  4.3053E-01  1.2406E-04  2.3136E-02  4.5798E-04  2.6483E-01 -2.9165E-02
    8  7.1347E-01  1.1984E-04  2.5978E-02  1.1078E-02  3.3090E-01  7.2867E-02
    9  6.5477E-01  1.1765E-04  2.2731E-02  5.4117E-02  3.3300E-01 -7.1518E-02
   10  8.0783E-01  1.5561E-04 -1.7348E-03 -2.2243E-02  3.9723E-01  3.0535E-02
   11  8.3286E-01  2.0757E-04 -2.4710E-03  2.8061E-02  3.8871E-01 -1.7968E-02
   12  8.5212E-01  2.0677E-04 -1.4451E-02 -1.2867E-02  4.3009E-01  2.5994E-02
   13  8.5536E-01  1.0385E-04  2.0203E-02 -2.4484E-02  4.3446E-01  1.3036E-02
   14  9.7817E-01  1.7848E-04 -1.6292E-02 -4.2625E-02  4.2829E-01 -7.6093E-03
   15  9.2699E-01  1.5094E-04  7.4794E-02 -2.3807E-02  5.2288E-01 -3.4558E-02
   16  1.0544E+00  1.9700E-04  7.5405E-02 -1.5325E-02  5.0608E-01 -1.8044E-02
   17  1.0081E+00  1.8603E-04  5.8105E-02 -2.9838E-02  5.0047E-01  5.8086E-03
   18  1.0665E+00  1.8160E-04 -3.4949E-02 -1.8278E-02  5.4485E-01 -2.7844E-02
   19  1.0958E+00  9.3328E-05 -9.4623E-03 -5.5701E-02  4.9174E-01  1.6282E-02
   20  1.0553E+00  2.0434E-04 -9.0307E-02 -3.0802E-03  5.1816E-01 -7.6493E-03
   21  1.1184E+00  1.9877E-04 -6.0144E-02 -1.8710E-03  5.9609E-01  6.2196E-03
   22  1.1797E+00  1.2786E-04 -7.4578E-02  1.5247E-02  5.7379E-01  3.8976E-02
   23  1.3783E+00  1.0379E-04 -7.4171E-02  1.0947E-02  6.4596E-01  7.6302E-02
   24  1.2511E+00  1.8350E-04 -3.3037E-02 -8.1831E-03  6.5505E-01 -2.2868E-02
   25  1.3635E+00  2.0378E-04 -1.4440E-01  8.4918E-03  5.9902E-01 -6.6745E-03
   26  1.2137E+00  2.4089E-04 -1.2591E-01  2.1269E-02  6.6196E-01 -1.6367E-02
   27  1.3007E+00  1.8808E-04 -1.0006E-01 -3.9580E-02  6.4614E-01 -2.6854E-02
   28  1.3018E+00  1.0923E-04 -1.5005E-01 -1.6347E-02  6.4156E-01 -2.1740E-02
   29  1.3476E+00  1.1144E-04 -1.3727E-01 -5.3719E-02  6.6796E-01  4.1953E-02
   30  1.3430E+00  9.4287E-05 -1.5887E-01 -2.7591E-02  6.6747E-01 -3.5557E-02
   31  1.4942E+00  2.0653E-04 -1.8556E-01 -8.9982E-03  6.6957E-01 -5.7915E-03
   32  1.3795E+00  1.4467E-04 -7.9219E-02  1.1555E-03  7.0855E-01 -2.7522E-02
   33  1.4860E+00  1.0157E-04 -1.2530E-02 -1.5392E-03  6.6432E-01  6.2073E-03
   34  1.2549E+00  5.4789E-05 -5.7132E-02 -2.8407E-02  6.3288E-01 -4.3824E-02
   35  1.2716E+00  5.2289E-05 -9.8666E-02  4.6158E-03  6.1237E-01 -2.1295E-02
   36  1.1445E+00  1.7772E-04 -7.8128E-02 -2.8849E-02  6.1596E-01 -1.9744E-02
   37  1.1163E+00  6.3279E-05 -9.2169E-02 -8.0069E-03  6.1964E-01 -5.5575E-02
   38  1.2762E+00 -2.2509E-05  4.7452E-02 -3.5938E-02  6.2034E-01 -1.9914E-02
   39  1.2242E+00  8.8683E-05 -1.2075E-01 -6.7852E-03  6.0475E-01 -6.8862E-03
   40  1.1496E+00 -6.6147E-05  1.9939E-02 -3.9349E-02  6.3903E-01 -1.3649E-02
   41  1.1718E+00  8.0283E-05 -9.0520E-02 -2.0346E-02  5.7590E-01 -3.3552E-02
   42  1.1363E+00  3.2920E-05 -5.8394E-03  1.3525E-02  5.6295E-01 -2.0173E-02
   43  1.1569E+00 -1.6133E-04 -8.7363E-02 -3.3480E-02  5.5733E-01 -5.3378E-03
   44  1.1285E+00 -9.4083E-05 -5.2099E-02  1.4824E-02  5.5126E-01 -3.1444E-02
   45  1.0880E+00 -1.1039E-04 -7.9443E-02  1.5794E-02  5.7535E-01 -5.5601E-02
   46  1.2112E+00 -9.3211E-05 -5.7498E-02 -2.2198E-02  5.3681E-01  1.4102E-03
   47  1.0788E+00  8.9111E-06 -2.9345E-02  9.4864E-03  5.2596E-01 -9.2200E-03
   48  1.1140E+00 -1.6910E-04 -1.4192E-01 -1.0457E-02  5.2592E-01  3.2722E-02
   49  9.9898E-01 -4.6150E-05 -1.2226E-01 -2.2524E-02  4.9112E-01  1.6260E-03
   50  9.1578E-01 -9.8728E-05 -6.1155E-02  3.8306E-03  5.0225E-01 -1.9118E-02
   51  1.0449E+00  1.2832E-04 -9.3181E-02 -3.0828E-02  4.8508E-01  2.0697E-03
   52  9.7448E-01  1.5200E-04 -4.8984E-02 -2.5370E-03  4.6482E-01 -3.5395E-02
   53  1.0221E+00  4.8841E-05 -7.1169E-02 -1.0083E-02  5.1248E-01  1.4156E-02
   54  8.9134E-01  1.0067E-04 -5.5546E-02 -2.2049E-02  4.8276E-01 -3.6320E-02
   55  1.0105E+00  1.8859E-05  1.0907E-02  2.6702E-03  4.6269E-01  3.1286E-03
   56  8.8148E-01  8.5346E-05 -4.7162E-02  3.5469E-02  4.5627E-01 -6.3683E-02
   57  1.0242E+00  9.7507E-05  8.0552E-04  1.9193E-02  4.3336E-01 -8.4459E-03
   58  8.8839E-01  1.6202E-05 -5.7234E-02  1.0740E-02  4.7354E-01 -3.3472E-02
   59  8.6894E-01  5.3639E-05 -5.2636E-02  6.2776E-03  4.1248E-01  2.7186E-02
   60  7.9049E-01 -4.5335E-07 -7.0268E-02 -2.2518E-02  4.1198E-01 -1.0584E-02
   61  8.3873E-01  1.0258E-04 -5.5038E-02  6.5868E-03  4.2166E-01 -7.9251E-03
   62  6.8578E-01  1.5277E-04  1.9214E-02 -2.5922E-02  4.0975E-01 -6.8578E-03
   63  7.3694E-01  1.1906E-04  3.4730E-03 -2.1533E-03  3.4462E-01  3.2458E-03
   64  6.2222E-01  1.8268E-04  1.9917E-02 -2.4781E-02  3.2980E-01 -3.7966E-02
   65  7.4901E-01  1.4369E-04  1.5783E-02 -1.3416E-02  3.6983E-01 -1.8915E-02
   66  6.9214E-01  1.5182E-04  2.5811E-02  1.2814E-03  3.1465E-01 -3.0402E-02
   67  6.0791E-01  8.7032E-05 -1.1240E-02  4.7405E-03  3.5591E-01 -4.5696E-02
   68  6.7276E-01  2.4254E-05  4.2835E-02  7.7633E-03  3.3124E-01 -2.2077E-02
   69  6.0169E-01  1.0851E-04 -9.5607E-03  2.5945E-02  3.2658E-01 -2.0875E-02
   70  5.5682E-01  4.4409E-05 -1.2069E-02  1.9747E-02  2.7468E-01 -2.2110E-02
   71  5.7008E-01  9.9299E-05 -7.2004E-03 -1.7143E-02  2.7392E-01 -2.9875E-02
   72  5.4514E-01  2.0237E-04  1.7878E-02 -8.3522E-03  2.6269E-01 -1.3803E-02
   73  4.5515E-01  3.4995E-05 -4.5502E-02 -1.3950E-02  2.4392E-01 -5.8753E-02
   74  5.1518E-01  1.9554E-04  1.2282E-02  5.1714E-03  2.5222E-01  7.1507E-03
   75  4.8413E-01  1.4884E-04  6.3658E-02 -7.8332E-03  2.3530E-01 -2.7700E-02
   76  4.9217E-01  2.0724E-04  2.6649E-03  1.3541E-02  2.3019E-01 -2.1476E-02
   77  4.5758E-01  2.5028E-04  1.3984E-02 -1.2302E-02  2.3984E-01 -1.7479E-02
   78  4.2888E-01  2.0945E-04  6.4901E-03  2.8242E-03  2.1206E-01 -1.7619E-02
   79  4.3280E-01  2.5869E-04 -3.3452E-02  1.5206E-03  1.7808E-01 -2.4934E-02
   80  4.2144E-01  2.3107E-04  9.7944E-03  1.6744E-02  2.2739E-01 -2.3989E-02
   81  3.7996E-01  2.5293E-04 -1.5055E-02 -2.9787E-03  1.6686E-01 -1.6694E-02
   82  2.5483E-01  3.5350E-04 -6.7772E-02 -1.3742E-03  1.6663E-01 -4.0472E-02
   83  3.5107E-01  3.1870E-04 -3.6705E-03 -1.2541E-02  1.3853E-01 -5.3906E-03
   84  3.2158E-01  3.0350E-04  1.9747E-03 -6.1429E-03  1.5156E-01 -4.1150E-02
   85  2.8066E-01  2.8382E-04 -3.0008E-02  1.0277E-02  1.3096E-01 -4.1099E-02
   86  2.4397E-01  2.3790E-04 -1.9091E-02 -1.3780E-02  1.4792E-01 -3.8718E-02
   87  2.6808E-01  2.9360E-04 -3.0248E-02 -1.2895E-02  1.1560E-01 -2.1771E-02
   88  2.5188E-01  2.2918E-04 -3.4156E-02  3.0260E-03  1.3477E-01 -1.0675E-03
   89  2.1595E-01  2.4156E-04 -5.3393E-02  1.0685E-02  1.0833E-01 -4.6377E-03
   90  1.8622E-01  2.2717E-04 -3.6464E-02 -1.1859E-02  1.1418E-01 -1.1519E-02
   91  2.3240E-01  2.6057E-04 -2.2096E-02 -1.2704E-02  1.1224E-01 -1.1105E-02
   92  2.0424E-01  3.0936E-04 -1.6299E-02 -8.1390E-03  1.0656E-01 -1.8399E-02
   93  1.7648E-01  2.5829E-04 -4.1860E-02 -7.6165E-03  8.2700E-02 -7.3192E-03
   94  1.6298E-01  2.7326E-04 -4.7418E-02  8.9615E-05  7.6062E-02 -1.7282E-02
   95  1.8339E-01  2.6820E-04 -1.5453E-02 -1.6239E-03  8.1116E-02 -3.2643E-03
   96  1.2018E-01  2.8215E-04 -9.9615E-03  5.4360E-03  7.2674E-02 -1.8522E-02
   97  1.1831E-01  3.0005E-04 -3.4186E-02  1.8603E-04  6.7402E-02 -2.9449E-02
   98  1.2751E-01  1.6618E-04 -1.9381E-02 -4.1417E-03  6.5623E-02 -1.4303E-02
   99  1.3579E-01  1.4735E-04 -7.8654E-03 -6.5744E-03  6.3220E-02  1.3014E-02
  100  8.8189E-02  1.4627E-04 -1.9250E-02 -3.6537E-03  5.0933E-02 -1.8854E-02
  101  8.7076E-02  1.7635E-04 -1.8128E-02  5.0224E-03  4.6126E-02 -3.4982E-04
  102  8.7365E-02  1.8776E-04  7.1377E-03 -5.6633E-03  5.6703E-02 -1.3847E-02
  103  8.7959E-02  1.5180E-04 -1.6853E-03 -3.5582E-03  3.4080E-02 -2.3863E-02
  104  6.0185E-02  1.2717E-04 -1.0380E-02 -7.2306E-03  3.2111E-02 -2.1446E-02
  105  5.8671E-02  1.5978E-04 -1.3013E-03  6.7923E-03  3.6713E-02 -1.6551E-02
  106  5.8939E-02  1.7787E-04 -6.0802E-03  3.9137E-04  3.0518E-02 -4.4167E-03
  107  4.8499E-02  1.8525E-04 -2.0369E-03  1.7717E-03  2.4358E-02 -8.9953E-03
  108  4.1266E-02  6.5720E-05 -3.0411E-03  7.9509E-04  2.2631E-02 -2.9892E-03
  109  4.3946E-02  9.4493E-05  1.5568E-03  6.2372E-04  1.7694E-02 -7.4233E-03
  110  3.0033E-02  9.1863E-05 -7.3390E-03  3.7007E-03  1.8196E-02 -1.4714E-02
  111  4.3413E-02  1.2900E-04  1.9837E-03  2.6739E-03  1.5647E-02 -8.1629E-03
  112  2.3550E-02  1.2030E-04 -2.0336E-03  3.9298E-03  1.6644E-02 -9.4634E-03
  113  2.8511E-02  6.2125E-05 -4.0663E-03  3.1599E-03  9.4871E-03 -5.8351E-03
  114  2.1035E-02  5.7931E-05 -7.4880E-04 -1.0293E-03  1.7996E-02 -5.8256E-03
  115  2.1499E-02  8.1023E-05 -1.0363E-03  2.0834E-03  1.8212E-02 -2.4002E-03
  116  2.6744E-02  8.3024E-05  1.5156E-03 -2.8578E-03  1.2037E-02 -6.4021E-03
  117  2.4587E-02  9.4802E-05  2.0978E-03  2.7720E-03  9.8512E-03 -5.6152E-03
  118  7.8027E-03  4.2433E-05 -7.0552E-03  2.8843E-03  1.0367E-02 -5.3667E-03
  119  1.1174E-02  3.9717E-05 -6.2628E-03 -2.2489E-04  4.8003E-03 -2.8466E-03
  120  1.9392E-02  6.2301E-05  8.9721E-05  2.2358E-03  3.1755E-03 -3.1519E-03
  121  7.9782E-03  7.6011E-05  3.6456E-03  1.0376E-03  1.0333E-02 -5.5966E-03
  122  9.8644E-03  7.0953E-05 -1.1059E-03 -2.3816E-04  6.1776E-03 -4.2161E-03
  123  1.0919E-02  2.3769E-05 -4.1417E-03  6.8655E-04  3.3148E-03 -2.9661E-03
  124  7.4444E-03  1.5840E-05 -5.0720E-04 -8.2816E-04  8.0754E-03  5.9791E-06
  125  5.0904E-03  2.4739E-05 -2.4724E-03  1.1671E-03  3.9697E-03 -1.3420E-03
  126  5.2943E-03  3.1261E-05 -2.9026E-03  1.4023E-03  2.1441E-03 -2.9836E-03
  127  1.2200E-03  2.5593E-05 -3.8699E-03 -1.1218E-03  4.1370E-03  7.5243E-04
  128  7.9822E-03 -4.0845E-06  9.5351E-05  9.2547E-04  4.5666E-03 -2.0293E-03
  129  6.6272E-03 -1.5635E-05 -9.6688E-04  6.5336E-04  4.0724E-03 -6.3803E-04
  130  2.3054E-03  9.5282E-06 -2.9818E-03 -3.8431E-04  3.7990E-03  9.3417E-04
  131  4.4330E-03  7.5952E-06 -1.8690E-03 -7.0930E-05  2.7717E-03 -1.1469E-03
  132  5.4400E-03  4.2699E-08 -2.5868E-03 -6.2167E-04  2.0863E-03 -8.3876E-04
  133  4.3271E-03 -2.0463E-05 -4.0229E-03  2.7617E-04  1.2052E-03 -9.9358E-04
  134  1.7141E-03 -1.8173E-05 -2.1642E-03  1.9754E-04  7.6638E-04 -1.4144E-03
  135  3.7707E-03 -1.6460E-05  7.9672E-05 -6.1465E-04  2.7859E-03 -9.2291E-04
  136  8.2703E-03 -1.6210E-05  6.6107E-04  5.2294E-04  1.4988E-03 -1.2643E-03
  137  3.4518E-03 -1.2832E-05 -1.1465E-03  4.1228E-04  1.4334E-03 -2.8351E-03
  138  7.1195E-04 -2.3813E-05 -1.4886E-03 -6.4785E-04  1.8764E-03 -1.7823E-03
  139  1.9666E-03 -2.1818E-05 -9.0292E-04  7.9244E-05  1.9071E-03  1.3682E-04
  140  2.2626E-03 -1.7808E-05  1.8128E-04  4.0540E-04  2.1633E-03 -7.0528E-06
  141  2.8671E-03 -1.5849E-05 -4.0352E-04 -3.4590E-04  1.9876E-04 -1.1564E-03
  142  1.4863E-03 -1.1915E-05 -3.9460E-04  1.9113E-04  1.1579E-04 -1.2579E-03
  143  1.3774E-03 -1.5602E-05  5.7279E-05  1.6508E-04  7.3403E-04 -9.5719E-04
  144  1.7911E-03 -1.1485E-05 -1.3956E-04  2.6154E-04  6.8146E-04 -6.5417E-04
  145  1.8268E-03 -1.0171E-05 -3.5321E-04  4.9263E-04  5.4365E-04 -5.1541E-04
  146  1.0419E-03 -7.4965E-06 -3.9433E-04  1.5820E-04  9.2327E-04 -6.8683E-04
  147  1.3554E-03 -6.4893E-06 -2.8337E-04  2.8426E-04  3.1658E-04 -4.3016E-04
  148  9.7154E-04 -4.9814E-06 -1.7183E-04  3.9358E-04  4.7304E-04 -3.2504E-04
  149  9.7134E-04 -3.8954E-06 -1.1970E-04  1.5875E-04  3.0048E-04 -4.8314E-04
  150  7.6262E-04 -3.9780E-06 -1.4699E-04  9.6728E-05  3.4437E-04 -2.3291E-04
  151  3.4948E-04 -2.5775E-06 -1.1798E-04  2.0714E-04  4.4698E-04 -1.9733E-04
  152  4.1410E-04 -1.0322E-06  4.0472E-05  8.0163E-05  4.7210E-05 -2.1424E-04
  153  3.1460E-04 -1.3804E-06 -1.6155E-04  1.5705E-05  3.2478E-06 -9.6629E-05
  154  3.4306E-04 -8.6053E-07 -1.0923E-04  1.3761E-05 -6.4584E-06 -6.2458E-05
  155  4.6433E-05 -8.5751E-07 -8.0110E-05  6.8300E-05  7.6326E-05 -1.1930E-05
  156 -9.9770E-06 -6.2668E-07 -3.0817E-05  3.5612E-05  5.4030E-05  3.7820E-05
  157  2.6525E-04  4.8342E-07  9.5620E-06 -1.0167E-05  6.4787E-06 -8.2155E-05
  158  1.2684E-05 -6.4454E-07 -2.9849E-05 -2.6222E-05  5.9045E-05  3.5995E-06
  159 -4.0394E-05  2.5833E-08 -5.8533E-05 -2.0946E-06  3.7118E-05  1.9127E-05
  160  1.0480E-04  2.0380E-07 -7.6684E-06 -3.0008E-05  1.4330E-05 -2.8739E-05
