****************************************************
****************************************************
 mstm calculation results
 date, time:
20250504 174512.518 
 input file:
lk1.inp
****************************************************
 input variables for run     1
 sphere data input file:
17559_bpca.pos
 number spheres
17559
 length, ref index scale factors
  1.0000000E+00  1.6750000E+00  2.1200000E-02
 volume cluster radius, area mean sphere radius, circumscribing radius, cross section radius
  2.5991526E+01  1.0000000E+00  8.5295868E+01  2.5991526E+01
 incident plane wave
 Monte Carlo average over incident directions
 t matrix order:
    80
 layer 0 refractive index
  1.0000E+00  0.0000E+00
 number of plane boundaries 
  0
 max_iterations,solution_epsilon, mie_epsilon
       100  1.0000E-07  1.0000E-06
 maximum Mie order, number of equations:
   4    842832
 mean sphere Mie extinction, absorption efficiencies
  4.4073E-01  6.1492E-02
 fft translation option implemented
 cell width, cell volume fraction, cell dimension:
      54      54      60  5.0000E-01  2.0124E+00
 number of neighbor nodes, node order:
   26    4
****************************************************
 calculation results for run 
           1
 incidence averages collected: sample:
   75
 number iterations, error, solution time 
   101  9.5339E-06  1.6292E+04
 total extinction, absorption, scattering efficiencies (unpolarized incidence)
  9.4870E+00  1.4513E+00  8.0356E+00
  down and up hemispherical scattering efficiencies (unpol, par, perp) 
  1.1203E+00  6.9087E+00  1.1148E+00  6.9113E+00  1.1257E+00  6.9062E+00
 azimuthal averaged scattering matrix
 number directions, number SM elements:
   181     6
   theta     11          12          22          33          34          44     
    0.00  1.6302E+07 -3.6890E-08  9.9995E-01  9.9995E-01 -7.5903E-08  9.9992E-01
    1.00  1.2588E+07 -5.7733E-05  9.9993E-01  9.9993E-01 -1.1974E-04  9.9990E-01
    2.00  5.4228E+06 -2.5513E-04  9.9985E-01  9.9985E-01 -5.4049E-04  9.9978E-01
    3.00  9.6391E+05 -7.5506E-04  9.9919E-01  9.9920E-01 -1.6277E-03  9.9881E-01
    4.00  1.1771E+05 -1.4217E-03  9.9308E-01  9.9321E-01 -1.6955E-03  9.8967E-01
    5.00  2.8497E+05 -1.8223E-03  9.9708E-01  9.9715E-01 -1.3549E-03  9.9559E-01
    6.00  1.7757E+05 -4.5843E-03  9.9543E-01  9.9552E-01 -1.0123E-03  9.9309E-01
    7.00  6.0908E+04 -1.0055E-02  9.8709E-01  9.8711E-01  6.2203E-03  9.8051E-01
    8.00  7.2517E+04 -9.5685E-03  9.8941E-01  9.8891E-01 -4.1334E-04  9.8384E-01
    9.00  7.7011E+04 -1.7127E-02  9.9018E-01  9.8915E-01 -5.7350E-03  9.8468E-01
   10.00  5.1369E+04 -2.9824E-02  9.8503E-01  9.8336E-01  5.7180E-05  9.7656E-01
   11.00  3.7877E+04 -2.9897E-02  9.7869E-01  9.7760E-01  1.0373E-02  9.6773E-01
   12.00  3.9138E+04 -2.6304E-02  9.7859E-01  9.7864E-01  8.9629E-03  9.6873E-01
   13.00  3.5365E+04 -3.2949E-02  9.7621E-01  9.7623E-01  9.9081E-03  9.6537E-01
   14.00  2.5994E+04 -3.6779E-02  9.6810E-01  9.6709E-01  1.7914E-02  9.5272E-01
   15.00  2.2360E+04 -3.1342E-02  9.6339E-01  9.6126E-01  2.3684E-02  9.4509E-01
   16.00  2.1310E+04 -3.2059E-02  9.6192E-01  9.5913E-01  2.2418E-02  9.4293E-01
   17.00  1.8019E+04 -3.8190E-02  9.5510E-01  9.5169E-01  2.1071E-02  9.3317E-01
   18.00  1.5890E+04 -3.8731E-02  9.4888E-01  9.4518E-01  2.2409E-02  9.2413E-01
   19.00  1.5093E+04 -3.4114E-02  9.4605E-01  9.4195E-01  2.3171E-02  9.1965E-01
   20.00  1.4098E+04 -3.5405E-02  9.4227E-01  9.3774E-01  2.0905E-02  9.1418E-01
   21.00  1.3103E+04 -4.5417E-02  9.3768E-01  9.3376E-01  1.9852E-02  9.0860E-01
   22.00  1.1755E+04 -5.5366E-02  9.2998E-01  9.2694E-01  2.1900E-02  8.9877E-01
   23.00  1.0645E+04 -5.8283E-02  9.2193E-01  9.1867E-01  2.4373E-02  8.8781E-01
   24.00  1.0154E+04 -5.4554E-02  9.1744E-01  9.1371E-01  2.4341E-02  8.8213E-01
   25.00  9.5294E+03 -5.1313E-02  9.1174E-01  9.0828E-01  2.0572E-02  8.7546E-01
   26.00  8.9220E+03 -5.4578E-02  9.0566E-01  9.0214E-01  1.8067E-02  8.6761E-01
   27.00  8.4861E+03 -6.0038E-02  9.0054E-01  8.9633E-01  1.8216E-02  8.6014E-01
   28.00  7.9850E+03 -6.4139E-02  8.9395E-01  8.8950E-01  1.4872E-02  8.5105E-01
   29.00  7.6258E+03 -7.2489E-02  8.8814E-01  8.8347E-01  1.2008E-02  8.4338E-01
   30.00  7.2773E+03 -7.9941E-02  8.8138E-01  8.7586E-01  1.3197E-02  8.3417E-01
   31.00  6.7799E+03 -7.9746E-02  8.7233E-01  8.6616E-01  1.0842E-02  8.2220E-01
   32.00  6.4312E+03 -8.2884E-02  8.6604E-01  8.5986E-01  5.2759E-03  8.1478E-01
   33.00  6.2042E+03 -9.3615E-02  8.5982E-01  8.5336E-01  1.6720E-03  8.0747E-01
   34.00  5.9385E+03 -1.0104E-01  8.5083E-01  8.4279E-01 -1.7663E-03  7.9506E-01
   35.00  5.6947E+03 -1.0556E-01  8.4383E-01  8.3353E-01 -2.0193E-03  7.8423E-01
   36.00  5.4486E+03 -1.1374E-01  8.3764E-01  8.2657E-01  7.7429E-04  7.7624E-01
   37.00  5.2397E+03 -1.2509E-01  8.3032E-01  8.1940E-01 -9.9554E-04  7.6836E-01
   38.00  5.1512E+03 -1.3853E-01  8.2469E-01  8.1228E-01 -3.5012E-03  7.6068E-01
   39.00  5.0543E+03 -1.4958E-01  8.1862E-01  8.0441E-01 -1.2194E-03  7.5118E-01
   40.00  4.8780E+03 -1.5421E-01  8.1071E-01  7.9591E-01 -2.5831E-03  7.4065E-01
   41.00  4.7465E+03 -1.5959E-01  8.0534E-01  7.8908E-01 -9.8020E-03  7.3334E-01
   42.00  4.7000E+03 -1.7044E-01  8.0256E-01  7.8352E-01 -9.9252E-03  7.2788E-01
   43.00  4.6216E+03 -1.7944E-01  7.9700E-01  7.7581E-01 -2.1646E-03  7.1907E-01
   44.00  4.4496E+03 -1.8333E-01  7.8765E-01  7.6464E-01 -5.1845E-04  7.0683E-01
   45.00  4.2832E+03 -1.8728E-01  7.7989E-01  7.5350E-01 -7.5336E-03  6.9643E-01
   46.00  4.1970E+03 -1.9564E-01  7.7689E-01  7.4570E-01 -1.2842E-02  6.8991E-01
   47.00  4.1178E+03 -2.0687E-01  7.7411E-01  7.3867E-01 -1.3627E-02  6.8313E-01
   48.00  3.9952E+03 -2.1712E-01  7.6807E-01  7.2910E-01 -1.3351E-02  6.7391E-01
   49.00  3.8947E+03 -2.2595E-01  7.6148E-01  7.1822E-01 -1.3512E-02  6.6430E-01
   50.00  3.8489E+03 -2.3466E-01  7.5623E-01  7.0846E-01 -1.3682E-02  6.5605E-01
   51.00  3.7819E+03 -2.4181E-01  7.4883E-01  6.9879E-01 -1.1150E-02  6.4772E-01
   52.00  3.6466E+03 -2.4671E-01  7.3724E-01  6.8765E-01 -6.9830E-03  6.3762E-01
   53.00  3.5205E+03 -2.5326E-01  7.2669E-01  6.7646E-01 -6.2598E-03  6.2736E-01
   54.00  3.4739E+03 -2.6363E-01  7.2253E-01  6.6702E-01 -8.9332E-03  6.1897E-01
   55.00  3.4640E+03 -2.7219E-01  7.2101E-01  6.5927E-01 -1.1597E-02  6.1139E-01
   56.00  3.4272E+03 -2.7669E-01  7.1581E-01  6.5116E-01 -1.4257E-02  6.0150E-01
   57.00  3.3533E+03 -2.8393E-01  7.0669E-01  6.3872E-01 -1.6952E-02  5.8680E-01
   58.00  3.2704E+03 -2.9731E-01  6.9798E-01  6.2167E-01 -1.8183E-02  5.7006E-01
   59.00  3.2127E+03 -3.1059E-01  6.9262E-01  6.0601E-01 -1.8698E-02  5.5713E-01
   60.00  3.1749E+03 -3.1963E-01  6.8848E-01  5.9397E-01 -2.2241E-02  5.4668E-01
   61.00  3.1272E+03 -3.2849E-01  6.8263E-01  5.8097E-01 -2.8189E-02  5.3414E-01
   62.00  3.0721E+03 -3.3912E-01  6.7592E-01  5.6569E-01 -2.8946E-02  5.2147E-01
   63.00  3.0248E+03 -3.4657E-01  6.6988E-01  5.5183E-01 -2.3601E-02  5.1184E-01
   64.00  2.9815E+03 -3.4881E-01  6.6416E-01  5.4127E-01 -2.0814E-02  5.0361E-01
   65.00  2.9364E+03 -3.5236E-01  6.5807E-01  5.3140E-01 -2.2812E-02  4.9330E-01
   66.00  2.8944E+03 -3.6173E-01  6.5169E-01  5.1836E-01 -2.3475E-02  4.7955E-01
   67.00  2.8552E+03 -3.7291E-01  6.4620E-01  5.0169E-01 -2.1239E-02  4.6455E-01
   68.00  2.8074E+03 -3.8237E-01  6.4248E-01  4.8398E-01 -2.1154E-02  4.4996E-01
   69.00  2.7596E+03 -3.9255E-01  6.4027E-01  4.6739E-01 -2.4944E-02  4.3496E-01
   70.00  2.7364E+03 -4.0455E-01  6.3815E-01  4.5182E-01 -2.7893E-02  4.2034E-01
   71.00  2.7313E+03 -4.1421E-01  6.3395E-01  4.3625E-01 -2.8060E-02  4.0789E-01
   72.00  2.7123E+03 -4.1890E-01  6.2684E-01  4.2178E-01 -2.7566E-02  3.9710E-01
   73.00  2.6662E+03 -4.2117E-01  6.1859E-01  4.0948E-01 -2.6206E-02  3.8642E-01
   74.00  2.6090E+03 -4.2409E-01  6.1159E-01  3.9747E-01 -2.5081E-02  3.7521E-01
   75.00  2.5578E+03 -4.2743E-01  6.0529E-01  3.8260E-01 -2.6716E-02  3.6229E-01
   76.00  2.5169E+03 -4.3111E-01  5.9859E-01  3.6261E-01 -2.9714E-02  3.4609E-01
   77.00  2.4946E+03 -4.3784E-01  5.9441E-01  3.3829E-01 -3.0657E-02  3.2780E-01
   78.00  2.4925E+03 -4.4799E-01  5.9339E-01  3.1331E-01 -2.9060E-02  3.0924E-01
   79.00  2.4858E+03 -4.5678E-01  5.9005E-01  2.9172E-01 -2.9367E-02  2.9123E-01
   80.00  2.4546E+03 -4.6065E-01  5.8196E-01  2.7521E-01 -3.3925E-02  2.7492E-01
   81.00  2.4155E+03 -4.6092E-01  5.7333E-01  2.5968E-01 -3.7541E-02  2.5904E-01
   82.00  2.3934E+03 -4.6180E-01  5.6805E-01  2.4002E-01 -3.7234E-02  2.4140E-01
   83.00  2.3855E+03 -4.6719E-01  5.6555E-01  2.1878E-01 -3.7429E-02  2.2490E-01
   84.00  2.3759E+03 -4.7515E-01  5.6357E-01  2.0155E-01 -4.0520E-02  2.1315E-01
   85.00  2.3573E+03 -4.7984E-01  5.6030E-01  1.8797E-01 -4.4149E-02  2.0379E-01
   86.00  2.3286E+03 -4.7938E-01  5.5490E-01  1.7360E-01 -4.4540E-02  1.9289E-01
   87.00  2.2958E+03 -4.7712E-01  5.4850E-01  1.5498E-01 -3.9933E-02  1.7836E-01
   88.00  2.2730E+03 -4.7566E-01  5.4372E-01  1.3304E-01 -3.4198E-02  1.5964E-01
   89.00  2.2677E+03 -4.7476E-01  5.4169E-01  1.1339E-01 -3.2878E-02  1.4085E-01
   90.00  2.2713E+03 -4.7571E-01  5.4134E-01  9.8422E-02 -3.5399E-02  1.2688E-01
   91.00  2.2702E+03 -4.7914E-01  5.4225E-01  8.3927E-02 -3.6788E-02  1.1525E-01
   92.00  2.2608E+03 -4.8094E-01  5.4353E-01  6.4927E-02 -3.4948E-02  9.9771E-02
   93.00  2.2503E+03 -4.7863E-01  5.4220E-01  4.1062E-02 -3.3236E-02  7.9597E-02
   94.00  2.2479E+03 -4.7620E-01  5.3785E-01  1.8013E-02 -3.6268E-02  5.9485E-02
   95.00  2.2471E+03 -4.7660E-01  5.3345E-01 -5.8878E-05 -4.1148E-02  4.1924E-02
   96.00  2.2347E+03 -4.7704E-01  5.3112E-01 -1.4890E-02 -4.0532E-02  2.5569E-02
   97.00  2.2168E+03 -4.7382E-01  5.3066E-01 -2.8813E-02 -3.6167E-02  9.8642E-03
   98.00  2.2075E+03 -4.6774E-01  5.3031E-01 -4.3578E-02 -3.6481E-02 -4.2212E-03
   99.00  2.2036E+03 -4.6150E-01  5.2827E-01 -5.9503E-02 -4.0748E-02 -1.5170E-02
  100.00  2.1910E+03 -4.5609E-01  5.2412E-01 -7.5697E-02 -4.1696E-02 -2.4449E-02
  101.00  2.1700E+03 -4.5263E-01  5.2042E-01 -9.3393E-02 -3.9595E-02 -3.6923E-02
  102.00  2.1590E+03 -4.5153E-01  5.2212E-01 -1.1231E-01 -3.9857E-02 -5.3151E-02
  103.00  2.1640E+03 -4.5204E-01  5.2790E-01 -1.3055E-01 -4.1983E-02 -7.0148E-02
  104.00  2.1685E+03 -4.5161E-01  5.2894E-01 -1.5037E-01 -4.0395E-02 -8.8107E-02
  105.00  2.1699E+03 -4.4672E-01  5.2440E-01 -1.7282E-01 -3.6501E-02 -1.0593E-01
  106.00  2.1808E+03 -4.3856E-01  5.2378E-01 -1.9303E-01 -3.7212E-02 -1.1984E-01
  107.00  2.2013E+03 -4.3243E-01  5.3027E-01 -2.0791E-01 -4.1420E-02 -1.3038E-01
  108.00  2.2207E+03 -4.2905E-01  5.3578E-01 -2.2104E-01 -4.3429E-02 -1.4132E-01
  109.00  2.2250E+03 -4.2296E-01  5.3375E-01 -2.3674E-01 -4.4344E-02 -1.5463E-01
  110.00  2.2116E+03 -4.1208E-01  5.2804E-01 -2.5294E-01 -4.5588E-02 -1.6948E-01
  111.00  2.1943E+03 -4.0033E-01  5.2518E-01 -2.6673E-01 -4.3491E-02 -1.8397E-01
  112.00  2.1823E+03 -3.9043E-01  5.2589E-01 -2.8141E-01 -4.0682E-02 -1.9759E-01
  113.00  2.1802E+03 -3.8182E-01  5.2976E-01 -2.9979E-01 -4.3551E-02 -2.1154E-01
  114.00  2.1935E+03 -3.7500E-01  5.3729E-01 -3.1897E-01 -4.7874E-02 -2.2654E-01
  115.00  2.2081E+03 -3.6971E-01  5.4465E-01 -3.3385E-01 -4.6411E-02 -2.3949E-01
  116.00  2.2070E+03 -3.6373E-01  5.4737E-01 -3.4314E-01 -4.1846E-02 -2.4707E-01
  117.00  2.2051E+03 -3.5617E-01  5.4639E-01 -3.5222E-01 -3.8681E-02 -2.5215E-01
  118.00  2.2186E+03 -3.4790E-01  5.4540E-01 -3.6493E-01 -3.7132E-02 -2.5917E-01
  119.00  2.2304E+03 -3.3896E-01  5.4584E-01 -3.7799E-01 -3.8212E-02 -2.6821E-01
  120.00  2.2284E+03 -3.2913E-01  5.4720E-01 -3.8958E-01 -4.0487E-02 -2.7816E-01
  121.00  2.2316E+03 -3.2106E-01  5.5032E-01 -4.0132E-01 -4.0741E-02 -2.8910E-01
  122.00  2.2512E+03 -3.1565E-01  5.5598E-01 -4.1305E-01 -4.0345E-02 -3.0124E-01
  123.00  2.2692E+03 -3.1029E-01  5.6043E-01 -4.2276E-01 -3.9403E-02 -3.1141E-01
  124.00  2.2736E+03 -3.0165E-01  5.6032E-01 -4.2981E-01 -3.6680E-02 -3.1590E-01
  125.00  2.2782E+03 -2.8867E-01  5.6046E-01 -4.3858E-01 -3.5607E-02 -3.2122E-01
  126.00  2.2980E+03 -2.7557E-01  5.6634E-01 -4.5306E-01 -3.6977E-02 -3.3542E-01
  127.00  2.3298E+03 -2.6547E-01  5.7419E-01 -4.6945E-01 -3.6905E-02 -3.5203E-01
  128.00  2.3599E+03 -2.5773E-01  5.7877E-01 -4.8130E-01 -3.5282E-02 -3.6054E-01
  129.00  2.3717E+03 -2.4971E-01  5.7919E-01 -4.8892E-01 -3.5029E-02 -3.6272E-01
  130.00  2.3650E+03 -2.3803E-01  5.7671E-01 -4.9792E-01 -3.8225E-02 -3.6711E-01
  131.00  2.3697E+03 -2.2598E-01  5.7699E-01 -5.1017E-01 -4.4469E-02 -3.7624E-01
  132.00  2.3983E+03 -2.1994E-01  5.8356E-01 -5.2325E-01 -4.6139E-02 -3.8692E-01
  133.00  2.4241E+03 -2.1513E-01  5.9104E-01 -5.3319E-01 -3.9944E-02 -3.9530E-01
  134.00  2.4317E+03 -2.0496E-01  5.9550E-01 -5.3684E-01 -3.6272E-02 -4.0016E-01
  135.00  2.4307E+03 -1.9386E-01  5.9821E-01 -5.3613E-01 -3.8620E-02 -4.0301E-01
  136.00  2.4242E+03 -1.8612E-01  5.9877E-01 -5.3543E-01 -3.8202E-02 -4.0313E-01
  137.00  2.4191E+03 -1.8134E-01  5.9782E-01 -5.3810E-01 -3.4278E-02 -4.0097E-01
  138.00  2.4383E+03 -1.7925E-01  5.9979E-01 -5.4640E-01 -3.4480E-02 -4.0186E-01
  139.00  2.4741E+03 -1.7322E-01  6.0474E-01 -5.5914E-01 -3.7180E-02 -4.0875E-01
  140.00  2.4856E+03 -1.5659E-01  6.0781E-01 -5.7103E-01 -3.4765E-02 -4.1798E-01
  141.00  2.4767E+03 -1.3801E-01  6.0912E-01 -5.7733E-01 -2.8192E-02 -4.2459E-01
  142.00  2.4910E+03 -1.2788E-01  6.1395E-01 -5.8082E-01 -2.5046E-02 -4.3074E-01
  143.00  2.5245E+03 -1.2215E-01  6.2171E-01 -5.8669E-01 -2.7657E-02 -4.4009E-01
  144.00  2.5381E+03 -1.1541E-01  6.2616E-01 -5.9056E-01 -3.0322E-02 -4.4574E-01
  145.00  2.5294E+03 -1.1015E-01  6.2691E-01 -5.9076E-01 -2.9792E-02 -4.4460E-01
  146.00  2.5310E+03 -1.0810E-01  6.2849E-01 -5.9553E-01 -2.8674E-02 -4.4560E-01
  147.00  2.5559E+03 -1.0384E-01  6.3051E-01 -6.0385E-01 -2.9029E-02 -4.4968E-01
  148.00  2.5842E+03 -9.4729E-02  6.3045E-01 -6.0841E-01 -2.8432E-02 -4.5142E-01
  149.00  2.6039E+03 -8.5479E-02  6.3114E-01 -6.1057E-01 -2.7333E-02 -4.5251E-01
  150.00  2.6150E+03 -7.7515E-02  6.3359E-01 -6.1347E-01 -2.7327E-02 -4.5439E-01
  151.00  2.6143E+03 -6.9804E-02  6.3386E-01 -6.1560E-01 -2.6508E-02 -4.5433E-01
  152.00  2.6239E+03 -6.2916E-02  6.3504E-01 -6.1512E-01 -2.5649E-02 -4.5373E-01
  153.00  2.6758E+03 -5.3576E-02  6.4381E-01 -6.1652E-01 -2.2955E-02 -4.5998E-01
  154.00  2.7552E+03 -4.2554E-02  6.5504E-01 -6.2384E-01 -1.7079E-02 -4.7155E-01
  155.00  2.8068E+03 -3.5634E-02  6.5897E-01 -6.3139E-01 -1.0706E-02 -4.7639E-01
  156.00  2.8045E+03 -2.9680E-02  6.5466E-01 -6.3452E-01 -9.6118E-03 -4.7198E-01
  157.00  2.7882E+03 -2.1516E-02  6.4982E-01 -6.3856E-01 -1.7810E-02 -4.7019E-01
  158.00  2.8103E+03 -1.3395E-02  6.5327E-01 -6.4530E-01 -2.7486E-02 -4.7737E-01
  159.00  2.8605E+03 -6.0520E-03  6.6282E-01 -6.4863E-01 -3.0436E-02 -4.8459E-01
  160.00  2.8883E+03 -5.3136E-04  6.6762E-01 -6.4971E-01 -2.8168E-02 -4.8570E-01
  161.00  2.8976E+03  5.4405E-03  6.6720E-01 -6.5151E-01 -2.3946E-02 -4.8365E-01
  162.00  2.9451E+03  9.6442E-03  6.7116E-01 -6.5446E-01 -1.8191E-02 -4.8597E-01
  163.00  3.0300E+03  5.5519E-03  6.8028E-01 -6.6009E-01 -1.7102E-02 -4.9617E-01
  164.00  3.0844E+03 -1.9515E-03  6.8729E-01 -6.6355E-01 -2.0944E-02 -5.0482E-01
  165.00  3.0883E+03 -5.5287E-03  6.9009E-01 -6.6484E-01 -2.1658E-02 -5.0873E-01
  166.00  3.1077E+03 -5.5448E-04  6.9222E-01 -6.7125E-01 -1.6948E-02 -5.1604E-01
  167.00  3.1804E+03  1.3330E-02  6.9501E-01 -6.7466E-01 -7.2391E-03 -5.1962E-01
  168.00  3.2359E+03  2.6399E-02  6.9395E-01 -6.6631E-01 -2.4161E-03 -5.0759E-01
  169.00  3.2078E+03  2.9692E-02  6.8596E-01 -6.5547E-01 -1.0813E-02 -4.8608E-01
  170.00  3.1611E+03  2.9877E-02  6.7973E-01 -6.5438E-01 -2.0606E-02 -4.7357E-01
  171.00  3.2139E+03  3.9558E-02  6.8979E-01 -6.6905E-01 -1.6325E-02 -4.8853E-01
  172.00  3.3583E+03  4.4922E-02  7.0698E-01 -6.8727E-01 -5.9452E-03 -5.1278E-01
  173.00  3.4517E+03  3.3024E-02  7.0813E-01 -6.8928E-01 -3.4298E-03 -5.0876E-01
  174.00  3.4599E+03  2.1562E-02  6.9555E-01 -6.7926E-01 -7.4937E-03 -4.8193E-01
  175.00  3.5646E+03  2.6253E-02  6.9227E-01 -6.7915E-01 -6.5795E-03 -4.6907E-01
  176.00  3.8717E+03  3.4493E-02  7.0380E-01 -6.9587E-01 -3.1991E-03 -4.7853E-01
  177.00  4.2176E+03  2.8350E-02  7.1404E-01 -7.1236E-01 -8.0536E-03 -4.8157E-01
  178.00  4.3746E+03  1.3098E-02  7.1532E-01 -7.1594E-01 -7.8302E-03 -4.6195E-01
  179.00  4.3179E+03  2.7037E-03  7.1151E-01 -7.1165E-01 -1.6079E-03 -4.3257E-01
  180.00  4.2514E+03  5.7865E-14  7.0912E-01 -7.0912E-01 -2.0680E-14 -4.1848E-01
 diffuse scattering matrix 
   theta     11          12          22          33          34          44     
    0.00  4.5512E+04 -3.6124E-06  9.8141E-01  9.8141E-01  6.8357E-06  9.7160E-01
    1.00  1.0342E+05 -1.7272E-03  9.9204E-01  9.9205E-01  2.9839E-03  9.8799E-01
    2.00  1.4859E+05 -1.5190E-03  9.9473E-01  9.9478E-01  9.7339E-04  9.9226E-01
    3.00  1.0552E+05 -3.0624E-04  9.9267E-01  9.9279E-01 -4.8118E-03  9.8927E-01
    4.00  8.4820E+04 -1.1556E-03  9.9057E-01  9.9069E-01 -3.1749E-03  9.8590E-01
    5.00  8.6921E+04 -3.5918E-03  9.9065E-01  9.9076E-01  1.8099E-03  9.8580E-01
    6.00  6.3197E+04 -8.5694E-03  9.8742E-01  9.8760E-01  3.2092E-03  9.8091E-01
    7.00  4.7835E+04 -1.2600E-02  9.8384E-01  9.8381E-01  9.3671E-03  9.7557E-01
    8.00  4.8438E+04 -8.3432E-03  9.8440E-01  9.8377E-01  9.9100E-03  9.7634E-01
    9.00  4.4726E+04 -1.2494E-02  9.8341E-01  9.8201E-01  4.0808E-03  9.7448E-01
   10.00  3.7866E+04 -2.4349E-02  9.8009E-01  9.7829E-01  4.0239E-03  9.6927E-01
   11.00  3.1756E+04 -2.7280E-02  9.7507E-01  9.7404E-01  6.7122E-03  9.6254E-01
   12.00  2.9075E+04 -2.7582E-02  9.7172E-01  9.7184E-01  6.5569E-03  9.5881E-01
   13.00  2.6742E+04 -3.3653E-02  9.6909E-01  9.6918E-01  1.0162E-02  9.5511E-01
   14.00  2.2028E+04 -3.4311E-02  9.6290E-01  9.6196E-01  1.7443E-02  9.4526E-01
   15.00  1.9662E+04 -2.8342E-02  9.5894E-01  9.5671E-01  2.2193E-02  9.3861E-01
   16.00  1.8482E+04 -2.9868E-02  9.5674E-01  9.5357E-01  2.1369E-02  9.3524E-01
   17.00  1.6013E+04 -3.7061E-02  9.5024E-01  9.4645E-01  1.9460E-02  9.2599E-01
   18.00  1.4664E+04 -3.8774E-02  9.4546E-01  9.4148E-01  2.0951E-02  9.1905E-01
   19.00  1.4186E+04 -3.4630E-02  9.4352E-01  9.3919E-01  2.2685E-02  9.1581E-01
   20.00  1.3359E+04 -3.5628E-02  9.4010E-01  9.3539E-01  2.1959E-02  9.1087E-01
   21.00  1.2437E+04 -4.4436E-02  9.3538E-01  9.3134E-01  2.1680E-02  9.0524E-01
   22.00  1.1271E+04 -5.3523E-02  9.2803E-01  9.2494E-01  2.2351E-02  8.9606E-01
   23.00  1.0324E+04 -5.7640E-02  9.2070E-01  9.1741E-01  2.3388E-02  8.8612E-01
   24.00  9.8229E+03 -5.5615E-02  9.1608E-01  9.1235E-01  2.3398E-02  8.8019E-01
   25.00  9.2152E+03 -5.2622E-02  9.1029E-01  9.0692E-01  2.0299E-02  8.7345E-01
   26.00  8.7028E+03 -5.5097E-02  9.0473E-01  9.0145E-01  1.8501E-02  8.6647E-01
   27.00  8.3287E+03 -5.9452E-02  8.9994E-01  8.9616E-01  1.8707E-02  8.5963E-01
   28.00  7.8203E+03 -6.3103E-02  8.9302E-01  8.8914E-01  1.4993E-02  8.5018E-01
   29.00  7.4543E+03 -7.1779E-02  8.8708E-01  8.8296E-01  1.2067E-02  8.4233E-01
   30.00  7.1306E+03 -7.9656E-02  8.8080E-01  8.7565E-01  1.3626E-02  8.3378E-01
   31.00  6.6583E+03 -8.0136E-02  8.7218E-01  8.6617E-01  1.1416E-02  8.2236E-01
   32.00  6.3122E+03 -8.3995E-02  8.6579E-01  8.5961E-01  5.3697E-03  8.1453E-01
   33.00  6.0802E+03 -9.4570E-02  8.5929E-01  8.5280E-01  9.0923E-04  8.0657E-01
   34.00  5.8397E+03 -1.0182E-01  8.5071E-01  8.4276E-01 -2.8405E-03  7.9480E-01
   35.00  5.6070E+03 -1.0686E-01  8.4372E-01  8.3352E-01 -2.3296E-03  7.8416E-01
   36.00  5.3450E+03 -1.1496E-01  8.3666E-01  8.2562E-01  9.4296E-04  7.7503E-01
   37.00  5.1482E+03 -1.2599E-01  8.2949E-01  8.1866E-01 -1.3606E-03  7.6737E-01
   38.00  5.0745E+03 -1.3961E-01  8.2458E-01  8.1206E-01 -3.9384E-03  7.6048E-01
   39.00  4.9757E+03 -1.5031E-01  8.1866E-01  8.0390E-01 -1.0940E-03  7.5092E-01
   40.00  4.8025E+03 -1.5424E-01  8.1063E-01  7.9526E-01 -2.1939E-03  7.4022E-01
   41.00  4.6720E+03 -1.5984E-01  8.0498E-01  7.8848E-01 -9.1401E-03  7.3254E-01
   42.00  4.6225E+03 -1.7129E-01  8.0219E-01  7.8295E-01 -9.0460E-03  7.2697E-01
   43.00  4.5412E+03 -1.8026E-01  7.9671E-01  7.7519E-01 -1.5433E-03  7.1835E-01
   44.00  4.3676E+03 -1.8359E-01  7.8702E-01  7.6378E-01 -1.3067E-04  7.0595E-01
   45.00  4.2089E+03 -1.8716E-01  7.7921E-01  7.5287E-01 -7.4848E-03  6.9577E-01
   46.00  4.1345E+03 -1.9599E-01  7.7690E-01  7.4566E-01 -1.3166E-02  6.9000E-01
   47.00  4.0584E+03 -2.0796E-01  7.7458E-01  7.3860E-01 -1.3630E-02  6.8321E-01
   48.00  3.9357E+03 -2.1784E-01  7.6843E-01  7.2870E-01 -1.2911E-02  6.7344E-01
   49.00  3.8406E+03 -2.2582E-01  7.6179E-01  7.1806E-01 -1.3071E-02  6.6407E-01
   50.00  3.7999E+03 -2.3499E-01  7.5668E-01  7.0870E-01 -1.2989E-02  6.5647E-01
   51.00  3.7309E+03 -2.4324E-01  7.4904E-01  6.9883E-01 -9.7833E-03  6.4798E-01
   52.00  3.5904E+03 -2.4837E-01  7.3681E-01  6.8704E-01 -5.4569E-03  6.3713E-01
   53.00  3.4648E+03 -2.5451E-01  7.2608E-01  6.7560E-01 -5.6900E-03  6.2669E-01
   54.00  3.4242E+03 -2.6435E-01  7.2251E-01  6.6662E-01 -9.4589E-03  6.1896E-01
   55.00  3.4162E+03 -2.7236E-01  7.2125E-01  6.5923E-01 -1.2126E-02  6.1179E-01
   56.00  3.3780E+03 -2.7642E-01  7.1568E-01  6.5108E-01 -1.3869E-02  6.0178E-01
   57.00  3.3066E+03 -2.8358E-01  7.0629E-01  6.3856E-01 -1.5818E-02  5.8679E-01
   58.00  3.2268E+03 -2.9718E-01  6.9763E-01  6.2150E-01 -1.7147E-02  5.6974E-01
   59.00  3.1684E+03 -3.1044E-01  6.9236E-01  6.0591E-01 -1.8333E-02  5.5673E-01
   60.00  3.1279E+03 -3.1916E-01  6.8817E-01  5.9398E-01 -2.2609E-02  5.4659E-01
   61.00  3.0791E+03 -3.2782E-01  6.8211E-01  5.8108E-01 -2.9000E-02  5.3446E-01
   62.00  3.0250E+03 -3.3859E-01  6.7519E-01  5.6587E-01 -2.9827E-02  5.2178E-01
   63.00  2.9800E+03 -3.4652E-01  6.6926E-01  5.5198E-01 -2.4101E-02  5.1185E-01
   64.00  2.9394E+03 -3.4906E-01  6.6406E-01  5.4139E-01 -2.0621E-02  5.0354E-01
   65.00  2.8969E+03 -3.5263E-01  6.5847E-01  5.3146E-01 -2.2371E-02  4.9319E-01
   66.00  2.8571E+03 -3.6229E-01  6.5223E-01  5.1834E-01 -2.3196E-02  4.7918E-01
   67.00  2.8184E+03 -3.7356E-01  6.4657E-01  5.0163E-01 -2.1081E-02  4.6401E-01
   68.00  2.7710E+03 -3.8255E-01  6.4274E-01  4.8437E-01 -2.1296E-02  4.4993E-01
   69.00  2.7240E+03 -3.9253E-01  6.4051E-01  4.6853E-01 -2.5205E-02  4.3567E-01
   70.00  2.6995E+03 -4.0469E-01  6.3802E-01  4.5299E-01 -2.7841E-02  4.2099E-01
   71.00  2.6934E+03 -4.1419E-01  6.3338E-01  4.3688E-01 -2.8010E-02  4.0810E-01
   72.00  2.6755E+03 -4.1862E-01  6.2626E-01  4.2211E-01 -2.8204E-02  3.9718E-01
   73.00  2.6307E+03 -4.2076E-01  6.1819E-01  4.0977E-01 -2.7561E-02  3.8657E-01
   74.00  2.5746E+03 -4.2361E-01  6.1131E-01  3.9765E-01 -2.6544E-02  3.7556E-01
   75.00  2.5240E+03 -4.2718E-01  6.0522E-01  3.8256E-01 -2.7964E-02  3.6279E-01
   76.00  2.4821E+03 -4.3121E-01  5.9883E-01  3.6257E-01 -3.0538E-02  3.4643E-01
   77.00  2.4564E+03 -4.3783E-01  5.9447E-01  3.3823E-01 -3.0772E-02  3.2759E-01
   78.00  2.4518E+03 -4.4765E-01  5.9303E-01  3.1298E-01 -2.8624E-02  3.0873E-01
   79.00  2.4476E+03 -4.5642E-01  5.8989E-01  2.9128E-01 -2.8727E-02  2.9118E-01
   80.00  2.4204E+03 -4.6044E-01  5.8230E-01  2.7469E-01 -3.3277E-02  2.7526E-01
   81.00  2.3828E+03 -4.6061E-01  5.7365E-01  2.5913E-01 -3.6986E-02  2.5917E-01
   82.00  2.3603E+03 -4.6118E-01  5.6786E-01  2.3973E-01 -3.6849E-02  2.4124E-01
   83.00  2.3513E+03 -4.6648E-01  5.6494E-01  2.1868E-01 -3.7277E-02  2.2459E-01
   84.00  2.3408E+03 -4.7478E-01  5.6296E-01  2.0151E-01 -4.0406E-02  2.1279E-01
   85.00  2.3231E+03 -4.7993E-01  5.6004E-01  1.8811E-01 -4.3610E-02  2.0347E-01
   86.00  2.2965E+03 -4.7969E-01  5.5495E-01  1.7390E-01 -4.3614E-02  1.9256E-01
   87.00  2.2651E+03 -4.7757E-01  5.4850E-01  1.5523E-01 -3.9123E-02  1.7782E-01
   88.00  2.2422E+03 -4.7626E-01  5.4358E-01  1.3309E-01 -3.3617E-02  1.5878E-01
   89.00  2.2364E+03 -4.7533E-01  5.4176E-01  1.1346E-01 -3.2428E-02  1.4005E-01
   90.00  2.2394E+03 -4.7622E-01  5.4170E-01  9.8902E-02 -3.5106E-02  1.2657E-01
   91.00  2.2378E+03 -4.7975E-01  5.4258E-01  8.4706E-02 -3.6785E-02  1.1505E-01
   92.00  2.2284E+03 -4.8145E-01  5.4361E-01  6.5494E-02 -3.5438E-02  9.9113E-02
   93.00  2.2190E+03 -4.7876E-01  5.4205E-01  4.1291E-02 -3.4054E-02  7.8865E-02
   94.00  2.2179E+03 -4.7611E-01  5.3771E-01  1.8174E-02 -3.6910E-02  5.9275E-02
   95.00  2.2171E+03 -4.7680E-01  5.3360E-01  6.3209E-05 -4.1190E-02  4.2015E-02
   96.00  2.2040E+03 -4.7771E-01  5.3142E-01 -1.4825E-02 -3.9741E-02  2.5720E-02
   97.00  2.1853E+03 -4.7448E-01  5.3066E-01 -2.8452E-02 -3.4797E-02  1.0339E-02
   98.00  2.1753E+03 -4.6774E-01  5.2993E-01 -4.2756E-02 -3.5104E-02 -3.5520E-03
   99.00  2.1712E+03 -4.6090E-01  5.2794E-01 -5.8527E-02 -3.9640E-02 -1.4830E-02
  100.00  2.1596E+03 -4.5552E-01  5.2413E-01 -7.4718E-02 -4.1089E-02 -2.4340E-02
  101.00  2.1406E+03 -4.5248E-01  5.2065E-01 -9.2374E-02 -3.9745E-02 -3.6605E-02
  102.00  2.1311E+03 -4.5176E-01  5.2235E-01 -1.1151E-01 -4.0531E-02 -5.2736E-02
  103.00  2.1366E+03 -4.5236E-01  5.2816E-01 -1.3036E-01 -4.2653E-02 -7.0218E-02
  104.00  2.1416E+03 -4.5175E-01  5.2948E-01 -1.5077E-01 -4.0788E-02 -8.8906E-02
  105.00  2.1433E+03 -4.4679E-01  5.2522E-01 -1.7323E-01 -3.6581E-02 -1.0690E-01
  106.00  2.1520E+03 -4.3858E-01  5.2439E-01 -1.9292E-01 -3.7287E-02 -1.2030E-01
  107.00  2.1688E+03 -4.3214E-01  5.3047E-01 -2.0734E-01 -4.1893E-02 -1.3032E-01
  108.00  2.1859E+03 -4.2835E-01  5.3590E-01 -2.2057E-01 -4.4048E-02 -1.4128E-01
  109.00  2.1903E+03 -4.2218E-01  5.3382E-01 -2.3687E-01 -4.4626E-02 -1.5498E-01
  110.00  2.1787E+03 -4.1168E-01  5.2786E-01 -2.5353E-01 -4.5147E-02 -1.6995E-01
  111.00  2.1635E+03 -4.0033E-01  5.2474E-01 -2.6726E-01 -4.2322E-02 -1.8411E-01
  112.00  2.1515E+03 -3.9060E-01  5.2520E-01 -2.8109E-01 -3.9496E-02 -1.9694E-01
  113.00  2.1475E+03 -3.8213E-01  5.2888E-01 -2.9836E-01 -4.2622E-02 -2.1007E-01
  114.00  2.1601E+03 -3.7540E-01  5.3674E-01 -3.1768E-01 -4.7127E-02 -2.2544E-01
  115.00  2.1770E+03 -3.7045E-01  5.4493E-01 -3.3323E-01 -4.6177E-02 -2.3929E-01
  116.00  2.1784E+03 -3.6480E-01  5.4803E-01 -3.4240E-01 -4.2034E-02 -2.4698E-01
  117.00  2.1770E+03 -3.5708E-01  5.4670E-01 -3.5129E-01 -3.8818E-02 -2.5188E-01
  118.00  2.1903E+03 -3.4861E-01  5.4550E-01 -3.6435E-01 -3.7252E-02 -2.5910E-01
  119.00  2.2026E+03 -3.3971E-01  5.4637E-01 -3.7805E-01 -3.8563E-02 -2.6831E-01
  120.00  2.2000E+03 -3.2994E-01  5.4817E-01 -3.9017E-01 -4.1032E-02 -2.7812E-01
  121.00  2.2012E+03 -3.2141E-01  5.5122E-01 -4.0213E-01 -4.1244E-02 -2.8905E-01
  122.00  2.2196E+03 -3.1506E-01  5.5644E-01 -4.1406E-01 -4.0776E-02 -3.0177E-01
  123.00  2.2390E+03 -3.0919E-01  5.6037E-01 -4.2392E-01 -4.0175E-02 -3.1240E-01
  124.00  2.2450E+03 -3.0079E-01  5.5989E-01 -4.3064E-01 -3.7768E-02 -3.1665E-01
  125.00  2.2482E+03 -2.8800E-01  5.5991E-01 -4.3876E-01 -3.6163E-02 -3.2157E-01
  126.00  2.2641E+03 -2.7449E-01  5.6582E-01 -4.5277E-01 -3.6729E-02 -3.3549E-01
  127.00  2.2930E+03 -2.6434E-01  5.7372E-01 -4.6885E-01 -3.6604E-02 -3.5158E-01
  128.00  2.3236E+03 -2.5717E-01  5.7826E-01 -4.8062E-01 -3.5496E-02 -3.5970E-01
  129.00  2.3374E+03 -2.4935E-01  5.7868E-01 -4.8886E-01 -3.5843E-02 -3.6246E-01
  130.00  2.3324E+03 -2.3758E-01  5.7650E-01 -4.9873E-01 -3.9369E-02 -3.6787E-01
  131.00  2.3378E+03 -2.2555E-01  5.7711E-01 -5.1099E-01 -4.5335E-02 -3.7718E-01
  132.00  2.3653E+03 -2.1961E-01  5.8341E-01 -5.2319E-01 -4.6645E-02 -3.8693E-01
  133.00  2.3892E+03 -2.1494E-01  5.9016E-01 -5.3236E-01 -4.0232E-02 -3.9404E-01
  134.00  2.3954E+03 -2.0457E-01  5.9415E-01 -5.3598E-01 -3.6174E-02 -3.9836E-01
  135.00  2.3930E+03 -1.9308E-01  5.9702E-01 -5.3542E-01 -3.7972E-02 -4.0155E-01
  136.00  2.3848E+03 -1.8497E-01  5.9798E-01 -5.3457E-01 -3.7044E-02 -4.0220E-01
  137.00  2.3793E+03 -1.8007E-01  5.9724E-01 -5.3736E-01 -3.3339E-02 -4.0047E-01
  138.00  2.4005E+03 -1.7874E-01  5.9942E-01 -5.4590E-01 -3.4167E-02 -4.0144E-01
  139.00  2.4387E+03 -1.7343E-01  6.0470E-01 -5.5861E-01 -3.7103E-02 -4.0823E-01
  140.00  2.4499E+03 -1.5671E-01  6.0788E-01 -5.7050E-01 -3.4731E-02 -4.1753E-01
  141.00  2.4397E+03 -1.3798E-01  6.0913E-01 -5.7661E-01 -2.8005E-02 -4.2402E-01
  142.00  2.4550E+03 -1.2812E-01  6.1417E-01 -5.7994E-01 -2.4681E-02 -4.3016E-01
  143.00  2.4911E+03 -1.2239E-01  6.2223E-01 -5.8623E-01 -2.7466E-02 -4.3997E-01
  144.00  2.5052E+03 -1.1508E-01  6.2667E-01 -5.9066E-01 -3.0449E-02 -4.4591E-01
  145.00  2.4951E+03 -1.0930E-01  6.2736E-01 -5.9101E-01 -3.0221E-02 -4.4466E-01
  146.00  2.4950E+03 -1.0705E-01  6.2890E-01 -5.9577E-01 -2.9207E-02 -4.4551E-01
  147.00  2.5198E+03 -1.0310E-01  6.3071E-01 -6.0427E-01 -2.9130E-02 -4.4958E-01
  148.00  2.5503E+03 -9.5061E-02  6.3045E-01 -6.0916E-01 -2.7950E-02 -4.5150E-01
  149.00  2.5710E+03 -8.6560E-02  6.3085E-01 -6.1132E-01 -2.5974E-02 -4.5264E-01
  150.00  2.5802E+03 -7.7651E-02  6.3298E-01 -6.1370E-01 -2.4830E-02 -4.5418E-01
  151.00  2.5777E+03 -6.8403E-02  6.3327E-01 -6.1536E-01 -2.4190E-02 -4.5369E-01
  152.00  2.5861E+03 -6.1506E-02  6.3464E-01 -6.1491E-01 -2.4606E-02 -4.5289E-01
  153.00  2.6361E+03 -5.2861E-02  6.4341E-01 -6.1647E-01 -2.2799E-02 -4.5913E-01
  154.00  2.7148E+03 -4.1713E-02  6.5460E-01 -6.2371E-01 -1.7362E-02 -4.7076E-01
  155.00  2.7687E+03 -3.4430E-02  6.5872E-01 -6.3111E-01 -1.0816E-02 -4.7592E-01
  156.00  2.7686E+03 -2.8645E-02  6.5462E-01 -6.3425E-01 -8.7804E-03 -4.7196E-01
  157.00  2.7519E+03 -2.1365E-02  6.4947E-01 -6.3839E-01 -1.6090E-02 -4.7022E-01
  158.00  2.7724E+03 -1.4109E-02  6.5236E-01 -6.4517E-01 -2.5280E-02 -4.7708E-01
  159.00  2.8227E+03 -6.8375E-03  6.6185E-01 -6.4851E-01 -2.8387E-02 -4.8410E-01
  160.00  2.8510E+03 -1.3670E-03  6.6695E-01 -6.4947E-01 -2.7154E-02 -4.8500E-01
  161.00  2.8597E+03  4.2791E-03  6.6675E-01 -6.5099E-01 -2.4165E-02 -4.8264E-01
  162.00  2.9058E+03  8.7889E-03  6.7099E-01 -6.5384E-01 -1.9663E-02 -4.8497E-01
  163.00  2.9887E+03  5.7593E-03  6.8031E-01 -6.5954E-01 -1.9372E-02 -4.9518E-01
  164.00  3.0412E+03 -1.8068E-04  6.8706E-01 -6.6295E-01 -2.3225E-02 -5.0351E-01
  165.00  3.0465E+03 -3.0114E-03  6.8964E-01 -6.6465E-01 -2.3226E-02 -5.0787E-01
  166.00  3.0688E+03  4.5655E-04  6.9216E-01 -6.7191E-01 -1.7227E-02 -5.1652E-01
  167.00  3.1364E+03  1.2458E-02  6.9513E-01 -6.7538E-01 -6.9265E-03 -5.2059E-01
  168.00  3.1819E+03  2.4870E-02  6.9360E-01 -6.6608E-01 -2.3019E-03 -5.0771E-01
  169.00  3.1539E+03  2.8302E-02  6.8535E-01 -6.5468E-01 -1.0836E-02 -4.8552E-01
  170.00  3.1152E+03  2.9336E-02  6.7930E-01 -6.5383E-01 -1.9941E-02 -4.7307E-01
  171.00  3.1706E+03  3.9571E-02  6.8944E-01 -6.6862E-01 -1.3826E-02 -4.8795E-01
  172.00  3.3138E+03  4.4814E-02  7.0694E-01 -6.8784E-01 -1.5913E-03 -5.1331E-01
  173.00  3.4100E+03  3.2838E-02  7.0862E-01 -6.9185E-01  1.1057E-03 -5.1159E-01
  174.00  3.4197E+03  2.2387E-02  6.9588E-01 -6.8239E-01 -4.4586E-03 -4.8518E-01
  175.00  3.5113E+03  2.9573E-02  6.9137E-01 -6.8015E-01 -4.8295E-03 -4.6942E-01
  176.00  3.7930E+03  3.8393E-02  7.0197E-01 -6.9421E-01 -1.5227E-04 -4.7569E-01
  177.00  4.1281E+03  2.8747E-02  7.1291E-01 -7.1032E-01 -2.6019E-03 -4.7898E-01
  178.00  4.3072E+03  1.0240E-02  7.1557E-01 -7.1557E-01 -3.1007E-03 -4.6204E-01
  179.00  4.2878E+03  9.0697E-04  7.1239E-01 -7.1245E-01 -6.2573E-05 -4.3425E-01
  180.00  4.2392E+03 -4.7273E-16  7.1000E-01 -7.1000E-01  1.9305E-14 -4.2022E-01
 azimuthal averaged scattering matrix expansion coefficients
    n       11          44          12          34         22p         22m
    0  1.0000E+00  4.3306E-01  0.0000E+00  0.0000E+00  0.0000E+00  0.0000E+00
    1  1.0415E+00  1.4341E+00  0.0000E+00  0.0000E+00  0.0000E+00  0.0000E+00
    2  1.5039E+00  1.3601E+00 -4.7210E-01 -3.7555E-02  2.2965E+00  4.9302E-01
    3  1.4809E+00  1.5220E+00 -8.1706E-02  1.5393E-02  1.7233E+00 -6.6936E-03
    4  1.6241E+00  1.5825E+00 -4.2645E-02  2.2803E-03  1.7480E+00  3.2663E-02
    5  1.6075E+00  1.6433E+00 -4.1217E-02  2.2136E-02  1.7396E+00 -1.8714E-02
    6  1.6469E+00  1.6088E+00 -2.2413E-02  1.8353E-02  1.7157E+00  1.9799E-02
    7  1.5626E+00  1.5950E+00 -3.7976E-02  2.6806E-02  1.6549E+00 -1.8871E-02
    8  1.5430E+00  1.5129E+00 -2.2173E-02  2.5254E-02  1.5851E+00  1.8808E-02
    9  1.4368E+00  1.4581E+00 -3.8778E-02  3.0192E-02  1.4983E+00 -1.1498E-02
   10  1.3901E+00  1.3736E+00 -2.5333E-02  2.4539E-02  1.4218E+00  1.0669E-02
   11  1.2975E+00  1.3045E+00 -4.2029E-02  2.5218E-02  1.3368E+00 -6.1717E-03
   12  1.2329E+00  1.2316E+00 -3.3733E-02  1.6463E-02  1.2591E+00  5.4045E-03
   13  1.1510E+00  1.1600E+00 -4.2631E-02  1.7819E-02  1.1780E+00 -1.8848E-03
   14  1.0996E+00  1.0957E+00 -2.9674E-02  6.4674E-03  1.1155E+00  6.9323E-03
   15  1.0184E+00  1.0346E+00 -3.2287E-02  4.3669E-03  1.0488E+00 -4.9275E-03
   16  9.7788E-01  9.6174E-01 -1.8733E-02  4.5787E-03  9.8281E-01  1.1307E-02
   17  8.8810E-01  8.9543E-01 -2.1056E-02  5.2262E-03  9.0755E-01 -5.5631E-03
   18  8.3565E-01  8.2680E-01 -1.8202E-02  3.1397E-03  8.4224E-01  5.7663E-03
   19  7.5784E-01  7.6232E-01 -2.0916E-02  1.5905E-03  7.7168E-01 -4.1219E-03
   20  7.1293E-01  7.0373E-01 -1.3294E-02 -7.3280E-05  7.1518E-01  8.0013E-03
   21  6.3585E-01  6.5762E-01 -2.0151E-02  4.7394E-04  6.5579E-01 -9.4034E-03
   22  6.1501E-01  5.9483E-01 -1.4293E-02  6.1519E-03  6.1041E-01  1.2807E-02
   23  5.6213E-01  5.7168E-01 -1.6307E-02  1.2244E-03  5.7128E-01 -6.3257E-03
   24  5.4471E-01  5.3521E-01 -5.1488E-03  4.8848E-03  5.4448E-01  6.3154E-03
   25  5.0180E-01  5.1166E-01 -1.6089E-02  1.7468E-03  5.1180E-01 -9.0429E-03
   26  4.9605E-01  4.7872E-01  5.5856E-03 -3.8780E-04  4.8965E-01  5.9318E-03
   27  4.5085E-01  4.5718E-01 -3.9140E-03 -1.6744E-03  4.5570E-01 -3.3391E-03
   28  4.3472E-01  4.2939E-01 -6.3742E-04 -4.1020E-03  4.3342E-01  4.1063E-03
   29  3.9578E-01  4.1890E-01 -3.4673E-05  6.4659E-03  4.0968E-01 -1.2423E-02
   30  4.1065E-01  3.8111E-01  1.4588E-02  7.1155E-03  3.9544E-01  1.5744E-02
   31  3.6752E-01  3.7998E-01  7.3132E-03  7.1339E-03  3.7787E-01 -6.4357E-03
   32  3.6631E-01  3.5883E-01  4.9658E-04  2.4878E-03  3.6459E-01  3.1051E-03
   33  3.4483E-01  3.5698E-01  6.5723E-04  2.8031E-03  3.4988E-01 -6.1878E-03
   34  3.4505E-01  3.4004E-01  1.2286E-02  3.0384E-03  3.4201E-01  3.6109E-03
   35  3.2344E-01  3.2334E-01  9.1497E-03  4.8998E-03  3.2695E-01  2.6778E-05
   36  3.1275E-01  3.1169E-01  1.2279E-02  5.1119E-03  3.0946E-01  2.5366E-03
   37  2.8591E-01  2.8050E-01  7.8971E-03  5.3697E-04  2.9067E-01  3.3981E-03
   38  2.5791E-01  2.6517E-01 -2.8576E-03  4.8374E-03  2.6171E-01 -1.2355E-03
   39  2.3095E-01  2.3479E-01 -3.2258E-03 -1.9558E-04  2.3421E-01 -1.6420E-03
   40  2.0208E-01  2.0153E-01 -6.4421E-03 -1.7054E-03  2.0418E-01  2.6836E-03
   41  1.6214E-01  1.6005E-01 -2.2953E-03 -2.0445E-03  1.6113E-01  3.1585E-03
   42  1.3197E-01  1.3758E-01 -8.2776E-03 -3.2042E-03  1.3608E-01 -4.6907E-04
   43  1.0471E-01  1.0539E-01 -8.8485E-03 -4.2451E-03  1.0684E-01 -4.5721E-04
   44  8.1056E-02  7.9140E-02 -5.1621E-03 -5.7447E-03  8.1006E-02  1.2449E-03
   45  4.5410E-02  5.1000E-02 -6.2873E-03 -8.0558E-03  5.1368E-02 -3.3739E-03
   46  2.8122E-02  2.3796E-02  3.4092E-03 -6.9804E-03  2.3372E-02  7.4437E-03
   47 -1.0255E-02  5.2622E-04 -4.6439E-03 -9.1658E-03 -6.2589E-04 -4.4817E-03
   48 -2.1499E-02 -2.4614E-02 -6.4301E-03 -1.9023E-02 -2.2957E-02  4.5089E-04
   49 -3.0660E-02 -2.4279E-02 -1.9128E-03 -1.7680E-02 -2.9211E-02 -5.2449E-03
   50 -2.8010E-02 -3.3450E-02  4.0404E-03 -1.5329E-02 -3.0383E-02  3.5103E-03
   51 -3.6758E-02 -3.9707E-02 -6.5068E-04 -1.6531E-02 -3.8107E-02  6.5435E-04
   52 -5.5370E-02 -5.1333E-02  1.9493E-03 -9.3997E-03 -4.9687E-02 -3.0996E-03
   53 -6.3577E-02 -6.3632E-02 -8.5653E-03 -1.0609E-02 -6.3038E-02 -6.1867E-04
   54 -7.6598E-02 -7.6481E-02 -2.4731E-03 -8.6375E-03 -7.6469E-02  4.7772E-05
   55 -8.8525E-02 -8.2232E-02 -2.5096E-03 -1.2783E-02 -8.6930E-02 -6.1932E-03
   56 -9.5252E-02 -1.1024E-01 -3.6855E-04 -1.2248E-02 -9.9671E-02  7.4309E-03
   57 -1.2054E-01 -1.0755E-01 -7.2890E-03 -8.7585E-03 -1.1687E-01 -8.2141E-03
   58 -1.2406E-01 -1.2880E-01 -7.5268E-04 -1.5024E-02 -1.2432E-01  4.2240E-04
   59 -1.3676E-01 -1.3556E-01  1.0927E-02 -4.2876E-03 -1.3526E-01 -6.3841E-04
   60 -1.4822E-01 -1.5668E-01  7.0788E-03 -7.8946E-03 -1.5255E-01  3.4139E-03
   61 -1.7386E-01 -1.6561E-01  5.9190E-04 -4.8012E-03 -1.6998E-01 -6.2525E-03
   62 -1.7310E-01 -1.7889E-01  6.7771E-03 -5.7781E-03 -1.7494E-01  2.5382E-03
   63 -1.7374E-01 -1.7161E-01  8.8419E-03  1.9061E-03 -1.7203E-01 -3.0321E-03
   64 -1.6479E-01 -1.6698E-01  1.4347E-02 -3.0509E-03 -1.6921E-01 -9.4749E-04
   65 -1.5704E-01 -1.7262E-01  1.1815E-02  3.8748E-04 -1.6502E-01  5.4858E-03
   66 -1.6682E-01 -1.5362E-01  8.5802E-03  1.2128E-04 -1.5923E-01 -6.5512E-03
   67 -1.5154E-01 -1.5724E-01  9.2073E-03 -2.3911E-03 -1.5357E-01  3.6946E-03
   68 -1.4836E-01 -1.4226E-01  5.6428E-03 -1.2161E-03 -1.4602E-01 -2.8773E-03
   69 -1.3074E-01 -1.3379E-01 -7.0680E-04 -3.3577E-03 -1.3327E-01  2.4008E-03
   70 -1.1092E-01 -1.1548E-01  2.4391E-03  9.8834E-04 -1.1316E-01  2.2199E-03
   71 -1.0378E-01 -9.8336E-02 -8.0957E-03  2.7418E-05 -1.0010E-01 -3.7461E-03
   72 -8.1026E-02 -8.5520E-02  9.4327E-04  3.3572E-03 -8.4921E-02  2.2061E-03
   73 -7.1224E-02 -8.2715E-02 -1.5604E-03 -6.3313E-03 -7.6637E-02  6.6392E-03
   74 -7.4179E-02 -6.2685E-02 -4.0294E-03 -4.7837E-03 -6.8271E-02 -6.3410E-03
   75 -4.8024E-02 -6.4700E-02  1.2377E-03 -1.9277E-03 -5.8380E-02  6.1452E-03
   76 -5.1758E-02 -4.1851E-02  4.7463E-03  3.4822E-03 -4.6715E-02 -6.1429E-03
   77 -3.6127E-02 -5.1553E-02 -1.9959E-03  1.8235E-03 -4.0856E-02  7.5253E-03
   78 -5.1017E-02 -3.4409E-02  2.6737E-03  1.5484E-03 -4.3931E-02 -6.9504E-03
   79 -3.7805E-02 -5.5322E-02 -3.1964E-03  3.5149E-03 -4.5536E-02  8.5805E-03
   80 -5.6468E-02 -4.0356E-02 -1.3776E-03  5.1853E-03 -4.9124E-02 -7.9909E-03
   81 -3.9896E-02 -5.4364E-02 -1.5912E-03 -1.6745E-03 -4.6731E-02  6.4932E-03
   82 -4.3290E-02 -3.4686E-02 -1.3173E-03  2.3034E-03 -3.9363E-02 -5.7754E-03
   83 -1.9821E-02 -2.7674E-02  2.8915E-03  1.6199E-03 -2.4009E-02  3.2098E-03
   84 -1.8713E-02 -1.3799E-02  2.1139E-03  4.0073E-03 -1.5943E-02 -3.2668E-03
   85 -1.0624E-02 -1.9282E-02  6.7744E-03  6.9695E-03 -1.6612E-02  3.8439E-03
   86 -2.6032E-02 -2.1516E-02  3.1947E-03  5.5316E-03 -2.3637E-02 -2.0217E-03
   87 -3.9857E-02 -4.1517E-02 -1.8173E-03  1.2313E-02 -4.0465E-02  3.3924E-04
   88 -6.3530E-02 -6.5536E-02 -1.4303E-02  8.5382E-03 -6.3439E-02  7.2312E-04
   89 -9.0727E-02 -7.8311E-02 -1.5650E-02  3.2968E-03 -8.4638E-02 -6.2343E-03
   90 -9.9997E-02 -1.0761E-01 -1.3885E-02  8.3549E-04 -1.0281E-01  4.0441E-03
   91 -1.2737E-01 -1.2682E-01 -9.8638E-03 -6.6580E-04 -1.2751E-01 -6.0308E-04
   92 -1.5746E-01 -1.5980E-01 -1.2746E-02 -4.5780E-03 -1.5775E-01  3.5554E-04
   93 -1.9398E-01 -1.9841E-01 -8.7048E-03  1.4431E-03 -1.9458E-01  1.3208E-03
   94 -2.3878E-01 -2.3834E-01 -1.4146E-02  5.7438E-04 -2.3756E-01 -1.1985E-03
   95 -2.8382E-01 -2.8658E-01 -1.1850E-02  2.0315E-03 -2.8607E-01  4.0996E-04
   96 -3.3472E-01 -3.3411E-01 -1.3359E-02 -2.9790E-03 -3.3301E-01 -1.3240E-03
   97 -3.8082E-01 -3.8151E-01 -8.7692E-03 -1.9243E-03 -3.8050E-01  5.9830E-05
   98 -4.2463E-01 -4.2531E-01 -8.6205E-03  2.9028E-04 -4.2392E-01 -2.1407E-04
   99 -4.6495E-01 -4.6216E-01 -5.8729E-03 -1.2821E-03 -4.6291E-01 -2.2813E-03
  100 -4.9517E-01 -4.9971E-01 -5.4039E-03 -1.4251E-03 -4.9632E-01  2.0199E-03
  101 -5.2885E-01 -5.2734E-01 -2.4597E-03  1.1672E-03 -5.2764E-01 -8.8213E-04
  102 -5.5764E-01 -5.5669E-01 -4.6236E-03  1.6365E-04 -5.5646E-01 -6.2508E-04
  103 -5.7724E-01 -5.7893E-01  2.3237E-06  3.0985E-03 -5.7797E-01  8.5415E-04
  104 -5.9478E-01 -5.9287E-01 -2.0849E-03  4.2953E-03 -5.9370E-01 -7.9472E-04
  105 -6.0125E-01 -6.0268E-01  1.8636E-03  5.2995E-03 -6.0201E-01  7.8494E-04
  106 -6.0156E-01 -6.0403E-01  5.2608E-03  3.8458E-03 -6.0327E-01  8.6047E-04
  107 -6.0205E-01 -5.9988E-01  4.3808E-03  3.7197E-03 -6.0120E-01 -1.4680E-03
  108 -5.9312E-01 -5.9533E-01  7.7519E-03  3.8523E-03 -5.9427E-01  1.0589E-03
  109 -5.8503E-01 -5.8482E-01  8.2639E-03  4.1620E-03 -5.8540E-01 -2.8921E-04
  110 -5.7532E-01 -5.7539E-01  7.8495E-03  5.4624E-03 -5.7547E-01  5.7328E-04
  111 -5.6372E-01 -5.6212E-01  7.5249E-03  7.9032E-03 -5.6299E-01 -2.3448E-04
  112 -5.5040E-01 -5.5114E-01  5.6249E-03  9.5877E-03 -5.5125E-01  4.9556E-04
  113 -5.3769E-01 -5.3752E-01  4.3524E-03  1.0078E-02 -5.3738E-01 -2.5926E-04
  114 -5.2403E-01 -5.2384E-01  2.5409E-03  1.2268E-02 -5.2422E-01 -1.1019E-04
  115 -5.1072E-01 -5.0960E-01 -3.1688E-05  1.0483E-02 -5.1047E-01 -3.7604E-04
  116 -4.9648E-01 -4.9629E-01  3.2184E-05  1.0311E-02 -4.9697E-01 -1.6898E-04
  117 -4.8177E-01 -4.8172E-01 -1.1410E-03  9.7511E-03 -4.8160E-01 -2.0333E-04
  118 -4.6691E-01 -4.6664E-01 -5.6067E-05  8.3986E-03 -4.6756E-01 -3.2906E-04
  119 -4.5270E-01 -4.5354E-01  3.1349E-04  8.0233E-03 -4.5330E-01  3.5716E-04
  120 -4.4166E-01 -4.4093E-01 -4.7792E-04  9.3137E-03 -4.4144E-01 -3.2747E-04
  121 -4.3116E-01 -4.3125E-01 -1.1074E-03  9.0996E-03 -4.3150E-01  7.6899E-05
  122 -4.2251E-01 -4.2242E-01 -2.2675E-03  9.4694E-03 -4.2259E-01  4.9025E-05
  123 -4.1497E-01 -4.1515E-01 -3.9958E-03  1.0242E-02 -4.1517E-01  1.1259E-04
  124 -4.0649E-01 -4.0541E-01 -5.5965E-03  1.0109E-02 -4.0612E-01 -5.0722E-04
  125 -3.9552E-01 -3.9614E-01 -6.1774E-03  1.0682E-02 -3.9597E-01  3.6465E-04
  126 -3.8226E-01 -3.8133E-01 -7.9346E-03  9.6494E-03 -3.8220E-01 -4.6765E-04
  127 -3.6481E-01 -3.6469E-01 -7.3131E-03  9.0758E-03 -3.6516E-01 -2.0908E-05
  128 -3.4282E-01 -3.4230E-01 -7.7244E-03  8.4746E-03 -3.4299E-01 -2.5464E-04
  129 -3.1582E-01 -3.1591E-01 -6.6335E-03  7.0773E-03 -3.1625E-01  4.5143E-05
  130 -2.8619E-01 -2.8576E-01 -5.6392E-03  5.9950E-03 -2.8650E-01 -1.5779E-04
  131 -2.5300E-01 -2.5327E-01 -5.0018E-03  4.3618E-03 -2.5364E-01  1.4376E-04
  132 -2.2005E-01 -2.2000E-01 -3.5227E-03  3.7260E-03 -2.2059E-01 -4.8055E-05
  133 -1.8792E-01 -1.8793E-01 -3.0446E-03  2.5147E-03 -1.8833E-01  4.5510E-06
  134 -1.5858E-01 -1.5858E-01 -2.1122E-03  2.5531E-03 -1.5908E-01  1.1468E-05
  135 -1.3195E-01 -1.3194E-01 -1.7338E-03  1.5309E-03 -1.3235E-01 -1.6141E-05
  136 -1.0860E-01 -1.0857E-01 -1.2640E-03  1.4226E-03 -1.0888E-01 -2.2455E-05
  137 -8.8264E-02 -8.8265E-02 -7.6847E-04  5.6035E-04 -8.8592E-02 -1.3876E-05
  138 -7.1090E-02 -7.1125E-02 -7.2419E-04  6.1393E-04 -7.1291E-02  1.2684E-05
  139 -5.5884E-02 -5.5972E-02 -1.0267E-04  9.1486E-05 -5.6197E-02  3.8927E-05
  140 -4.3658E-02 -4.3718E-02 -3.5910E-04  1.7385E-04 -4.3811E-02  1.4090E-05
  141 -3.3171E-02 -3.3196E-02  8.0309E-05 -1.8371E-04 -3.3348E-02  1.3477E-05
  142 -2.4548E-02 -2.4560E-02  2.9609E-05  5.4155E-05 -2.4654E-02  7.2724E-06
  143 -1.7461E-02 -1.7488E-02  2.4924E-04 -2.8791E-04 -1.7570E-02  4.1676E-06
  144 -1.1821E-02 -1.1832E-02  1.7153E-04  1.1319E-04 -1.1885E-02  3.1125E-06
  145 -7.6122E-03 -7.5898E-03  2.9967E-04 -2.7629E-04 -7.6555E-03 -3.2600E-06
  146 -4.5503E-03 -4.5884E-03  2.8527E-04  1.4875E-05 -4.6009E-03  1.9861E-05
  147 -2.5498E-03 -2.5245E-03  1.4339E-04 -1.1106E-04 -2.5697E-03 -1.4666E-05
  148 -1.2703E-03 -1.2601E-03  2.1036E-04  1.9921E-05 -1.2725E-03 -6.0763E-06
  149 -5.3616E-04 -5.3410E-04  3.3055E-05 -2.3691E-05 -5.4015E-04 -1.3810E-06
  150 -1.8846E-04 -1.8756E-04  1.4349E-04  4.5828E-05 -1.9277E-04  1.6220E-06
  151 -3.3596E-05 -2.6677E-05  1.2213E-06  3.6179E-06 -2.8223E-05 -1.7872E-06
  152 -1.2736E-05 -4.1473E-06  1.0568E-04  6.3404E-05 -1.5877E-05 -8.9751E-06
  153  3.4499E-05  3.8001E-05  2.5668E-05  3.3632E-05  4.1928E-05 -2.1991E-06
  154 -9.4620E-06 -1.8479E-06  9.9304E-05  1.4186E-04 -1.0147E-05 -5.7025E-06
  155 -1.5201E-05 -3.5218E-06  2.0323E-05 -4.4911E-05 -8.3331E-06 -4.5833E-06
  156  2.4921E-05  3.6389E-05  8.5962E-05  2.2017E-04  3.2895E-05 -8.2126E-06
  157  2.7519E-06 -7.0667E-06  5.7597E-05 -4.8852E-05  1.1370E-06  4.8296E-06
  158 -6.1168E-06  2.9421E-05  1.9426E-05  2.0840E-04  6.6878E-06 -1.5382E-05
  159  9.3972E-08  5.9444E-06  4.1609E-05 -2.8079E-05  5.6183E-06 -2.4706E-06
  160  1.7211E-05 -1.9161E-07  8.6047E-05  1.3881E-04  6.1584E-06  9.9332E-06
