****************************************************
****************************************************
 mstm calculation results
 date, time:
20250406 150918.962 
 input file:
lk1.inp
****************************************************
 input variables for run     1
 sphere data input file:
65536_bpca.pos
 number spheres
 8192
 length, ref index scale factors
  1.0000000E+00  1.6750000E+00  2.1200000E-02
 volume cluster radius, area mean sphere radius, circumscribing radius, cross section radius
  2.0158674E+01  1.0000000E+00  6.3517362E+01  2.0158674E+01
 incident plane wave
 Monte Carlo average over incident directions
 t matrix order:
    80
 layer 0 refractive index
  1.0000E+00  0.0000E+00
 number of plane boundaries 
  0
 max_iterations,solution_epsilon, mie_epsilon
       100  1.0000E-07  1.0000E-06
 maximum Mie order, number of equations:
   4    393216
 mean sphere Mie extinction, absorption efficiencies
  4.4073E-01  6.1492E-02
 fft translation option implemented
 cell width, cell volume fraction, cell dimension:
      45      45      45  5.0000E-01  1.9262E+00
 number of neighbor nodes, node order:
   26    4
****************************************************
 calculation results for run 
           1
 incidence averages collected: sample:
   96
 number iterations, error, solution time 
    87  9.0629E-08  1.8895E+03
 total extinction, absorption, scattering efficiencies (unpolarized incidence)
  9.1566E+00  1.2072E+00  7.9494E+00
  down and up hemispherical scattering efficiencies (unpol, par, perp) 
  1.0391E+00  6.9105E+00  1.0419E+00  6.9076E+00  1.0364E+00  6.9133E+00
 azimuthal averaged scattering matrix
 number directions, number SM elements:
   181     6
   theta     11          12          22          33          34          44     
    0.00  5.5450E+06 -1.4857E-07  9.9993E-01  9.9993E-01 -2.2974E-08  9.9989E-01
    1.00  4.7733E+06 -2.2695E-04  9.9992E-01  9.9992E-01 -3.5478E-05  9.9987E-01
    2.00  2.9775E+06 -9.1694E-04  9.9986E-01  9.9986E-01 -1.4906E-04  9.9979E-01
    3.00  1.2364E+06 -2.1116E-03  9.9967E-01  9.9967E-01 -3.7442E-04  9.9949E-01
    4.00  2.7116E+05 -4.0168E-03  9.9845E-01  9.9844E-01 -7.8676E-04  9.9760E-01
    5.00  4.1043E+04 -7.2119E-03  9.8941E-01  9.8949E-01  1.2938E-03  9.8368E-01
    6.00  9.6422E+04 -8.6670E-03  9.9537E-01  9.9543E-01  1.9537E-03  9.9287E-01
    7.00  1.1542E+05 -1.2076E-02  9.9612E-01  9.9614E-01  1.9173E-03  9.9399E-01
    8.00  6.6751E+04 -1.7179E-02  9.9341E-01  9.9334E-01  3.1280E-03  9.8973E-01
    9.00  3.0795E+04 -2.3964E-02  9.8600E-01  9.8560E-01  6.6306E-03  9.7805E-01
   10.00  3.1395E+04 -2.6249E-02  9.8631E-01  9.8559E-01  8.5496E-03  9.7839E-01
   11.00  3.8225E+04 -2.8392E-02  9.8858E-01  9.8778E-01  9.8896E-03  9.8194E-01
   12.00  3.2759E+04 -3.0913E-02  9.8641E-01  9.8553E-01  1.2649E-02  9.7873E-01
   13.00  2.2916E+04 -3.1226E-02  9.8036E-01  9.7948E-01  1.4572E-02  9.6977E-01
   14.00  1.8025E+04 -3.0756E-02  9.7499E-01  9.7423E-01  1.3796E-02  9.6186E-01
   15.00  1.6963E+04 -3.3079E-02  9.7345E-01  9.7269E-01  1.5468E-02  9.5946E-01
   16.00  1.5815E+04 -3.5189E-02  9.7145E-01  9.7065E-01  2.0551E-02  9.5631E-01
   17.00  1.3905E+04 -3.5708E-02  9.6728E-01  9.6654E-01  2.3415E-02  9.5012E-01
   18.00  1.2097E+04 -3.7458E-02  9.6206E-01  9.6125E-01  2.0712E-02  9.4251E-01
   19.00  1.0689E+04 -4.1040E-02  9.5685E-01  9.5564E-01  1.6101E-02  9.3491E-01
   20.00  9.6791E+03 -4.3088E-02  9.5237E-01  9.5080E-01  1.3461E-02  9.2856E-01
   21.00  9.0679E+03 -4.3655E-02  9.4942E-01  9.4782E-01  1.1305E-02  9.2471E-01
   22.00  8.6133E+03 -4.7368E-02  9.4714E-01  9.4554E-01  8.2525E-03  9.2172E-01
   23.00  8.0087E+03 -5.5866E-02  9.4338E-01  9.4144E-01  7.2419E-03  9.1623E-01
   24.00  7.2442E+03 -6.5610E-02  9.3716E-01  9.3463E-01  1.1332E-02  9.0702E-01
   25.00  6.5282E+03 -7.1701E-02  9.2955E-01  9.2654E-01  1.8374E-02  8.9592E-01
   26.00  6.0197E+03 -7.2456E-02  9.2285E-01  9.1952E-01  2.1837E-02  8.8628E-01
   27.00  5.7480E+03 -7.0838E-02  9.1888E-01  9.1500E-01  1.8763E-02  8.8056E-01
   28.00  5.6213E+03 -7.1256E-02  9.1714E-01  9.1213E-01  1.3413E-02  8.7796E-01
   29.00  5.4594E+03 -7.5863E-02  9.1484E-01  9.0826E-01  1.0659E-02  8.7459E-01
   30.00  5.1528E+03 -8.4294E-02  9.0961E-01  9.0164E-01  1.0895E-02  8.6741E-01
   31.00  4.7955E+03 -9.4886E-02  9.0224E-01  8.9357E-01  1.2309E-02  8.5770E-01
   32.00  4.5543E+03 -1.0489E-01  8.9609E-01  8.8734E-01  1.3847E-02  8.4981E-01
   33.00  4.4335E+03 -1.1175E-01  8.9221E-01  8.8327E-01  1.4777E-02  8.4457E-01
   34.00  4.2860E+03 -1.1524E-01  8.8767E-01  8.7786E-01  1.3490E-02  8.3770E-01
   35.00  4.0393E+03 -1.1714E-01  8.8051E-01  8.6923E-01  9.3676E-03  8.2688E-01
   36.00  3.7826E+03 -1.1980E-01  8.7273E-01  8.5979E-01  5.4111E-03  8.1541E-01
   37.00  3.6150E+03 -1.2448E-01  8.6733E-01  8.5300E-01  5.7167E-03  8.0790E-01
   38.00  3.5172E+03 -1.3026E-01  8.6347E-01  8.4826E-01  8.2716E-03  8.0327E-01
   39.00  3.4192E+03 -1.3611E-01  8.5823E-01  8.4250E-01  6.0270E-03  7.9721E-01
   40.00  3.3103E+03 -1.4284E-01  8.5163E-01  8.3523E-01 -3.3074E-03  7.8880E-01
   41.00  3.2196E+03 -1.5180E-01  8.4599E-01  8.2821E-01 -1.2805E-02  7.8031E-01
   42.00  3.1397E+03 -1.6258E-01  8.4162E-01  8.2157E-01 -1.4304E-02  7.7232E-01
   43.00  3.0346E+03 -1.7370E-01  8.3621E-01  8.1320E-01 -8.3123E-03  7.6294E-01
   44.00  2.9032E+03 -1.8440E-01  8.2858E-01  8.0213E-01 -2.1557E-03  7.5151E-01
   45.00  2.7820E+03 -1.9439E-01  8.2016E-01  7.9022E-01 -1.8452E-03  7.3994E-01
   46.00  2.6908E+03 -2.0299E-01  8.1271E-01  7.7979E-01 -7.4681E-03  7.2992E-01
   47.00  2.6134E+03 -2.1042E-01  8.0619E-01  7.7092E-01 -1.4770E-02  7.2098E-01
   48.00  2.5325E+03 -2.1861E-01  8.0008E-01  7.6214E-01 -1.8923E-02  7.1222E-01
   49.00  2.4542E+03 -2.2908E-01  7.9463E-01  7.5255E-01 -1.7241E-02  7.0366E-01
   50.00  2.3929E+03 -2.4027E-01  7.9002E-01  7.4242E-01 -1.1594E-02  6.9539E-01
   51.00  2.3517E+03 -2.4942E-01  7.8550E-01  7.3256E-01 -7.4640E-03  6.8703E-01
   52.00  2.3226E+03 -2.5659E-01  7.8030E-01  7.2333E-01 -8.0937E-03  6.7831E-01
   53.00  2.2917E+03 -2.6453E-01  7.7425E-01  7.1397E-01 -1.1279E-02  6.6889E-01
   54.00  2.2437E+03 -2.7454E-01  7.6719E-01  7.0321E-01 -1.3586E-02  6.5778E-01
   55.00  2.1731E+03 -2.8516E-01  7.5902E-01  6.9068E-01 -1.5138E-02  6.4446E-01
   56.00  2.0957E+03 -2.9489E-01  7.5065E-01  6.7758E-01 -1.7972E-02  6.3030E-01
   57.00  2.0371E+03 -3.0438E-01  7.4381E-01  6.6522E-01 -2.1498E-02  6.1768E-01
   58.00  2.0064E+03 -3.1471E-01  7.3895E-01  6.5324E-01 -2.2931E-02  6.0702E-01
   59.00  1.9880E+03 -3.2526E-01  7.3453E-01  6.4026E-01 -2.2062E-02  5.9632E-01
   60.00  1.9633E+03 -3.3493E-01  7.2931E-01  6.2645E-01 -2.1682E-02  5.8439E-01
   61.00  1.9298E+03 -3.4401E-01  7.2369E-01  6.1372E-01 -2.2992E-02  5.7233E-01
   62.00  1.8934E+03 -3.5312E-01  7.1820E-01  6.0282E-01 -2.3658E-02  5.6120E-01
   63.00  1.8524E+03 -3.6163E-01  7.1209E-01  5.9173E-01 -2.1428E-02  5.4972E-01
   64.00  1.8026E+03 -3.6868E-01  7.0478E-01  5.7807E-01 -1.7623E-02  5.3614E-01
   65.00  1.7517E+03 -3.7528E-01  6.9764E-01  5.6243E-01 -1.5616E-02  5.2125E-01
   66.00  1.7150E+03 -3.8346E-01  6.9249E-01  5.4739E-01 -1.6990E-02  5.0764E-01
   67.00  1.6972E+03 -3.9353E-01  6.8870E-01  5.3361E-01 -2.0252E-02  4.9583E-01
   68.00  1.6869E+03 -4.0352E-01  6.8389E-01  5.1892E-01 -2.2912E-02  4.8328E-01
   69.00  1.6699E+03 -4.1151E-01  6.7719E-01  5.0185E-01 -2.3787E-02  4.6792E-01
   70.00  1.6423E+03 -4.1773E-01  6.7017E-01  4.8375E-01 -2.3615E-02  4.5088E-01
   71.00  1.6108E+03 -4.2469E-01  6.6484E-01  4.6679E-01 -2.4251E-02  4.3493E-01
   72.00  1.5849E+03 -4.3528E-01  6.6184E-01  4.5113E-01 -2.6703E-02  4.2110E-01
   73.00  1.5680E+03 -4.4951E-01  6.6011E-01  4.3494E-01 -2.9670E-02  4.0754E-01
   74.00  1.5548E+03 -4.6359E-01  6.5769E-01  4.1654E-01 -3.1025E-02  3.9201E-01
   75.00  1.5375E+03 -4.7333E-01  6.5303E-01  3.9596E-01 -3.0569E-02  3.7437E-01
   76.00  1.5135E+03 -4.7807E-01  6.4627E-01  3.7486E-01 -3.0016E-02  3.5646E-01
   77.00  1.4873E+03 -4.8042E-01  6.3918E-01  3.5555E-01 -3.0388E-02  3.4020E-01
   78.00  1.4641E+03 -4.8331E-01  6.3357E-01  3.3926E-01 -3.0761E-02  3.2599E-01
   79.00  1.4463E+03 -4.8800E-01  6.2959E-01  3.2461E-01 -3.0105E-02  3.1236E-01
   80.00  1.4333E+03 -4.9430E-01  6.2607E-01  3.0857E-01 -2.9129E-02  2.9736E-01
   81.00  1.4226E+03 -5.0121E-01  6.2218E-01  2.8948E-01 -2.9131E-02  2.8063E-01
   82.00  1.4105E+03 -5.0717E-01  6.1800E-01  2.6829E-01 -2.9808E-02  2.6352E-01
   83.00  1.3953E+03 -5.1070E-01  6.1378E-01  2.4644E-01 -2.9724E-02  2.4713E-01
   84.00  1.3792E+03 -5.1144E-01  6.0934E-01  2.2413E-01 -2.8803E-02  2.3082E-01
   85.00  1.3657E+03 -5.1063E-01  6.0455E-01  2.0168E-01 -2.8949E-02  2.1342E-01
   86.00  1.3552E+03 -5.1053E-01  5.9998E-01  1.8100E-01 -3.1484E-02  1.9511E-01
   87.00  1.3443E+03 -5.1261E-01  5.9631E-01  1.6390E-01 -3.4943E-02  1.7723E-01
   88.00  1.3299E+03 -5.1621E-01  5.9341E-01  1.4920E-01 -3.6518E-02  1.6046E-01
   89.00  1.3128E+03 -5.1931E-01  5.9066E-01  1.3306E-01 -3.5456E-02  1.4373E-01
   90.00  1.2975E+03 -5.2117E-01  5.8806E-01  1.1241E-01 -3.4166E-02  1.2525E-01
   91.00  1.2882E+03 -5.2324E-01  5.8650E-01  8.7807E-02 -3.5367E-02  1.0459E-01
   92.00  1.2852E+03 -5.2674E-01  5.8622E-01  6.2878E-02 -3.8660E-02  8.3730E-02
   93.00  1.2841E+03 -5.3010E-01  5.8607E-01  4.1322E-02 -4.1141E-02  6.5757E-02
   94.00  1.2799E+03 -5.3060E-01  5.8486E-01  2.4382E-02 -4.1145E-02  5.2092E-02
   95.00  1.2718E+03 -5.2812E-01  5.8297E-01  1.0102E-02 -3.9875E-02  4.0951E-02
   96.00  1.2633E+03 -5.2505E-01  5.8143E-01 -5.3718E-03 -3.9359E-02  2.8563E-02
   97.00  1.2564E+03 -5.2249E-01  5.7982E-01 -2.4673E-02 -4.0214E-02  1.2586E-02
   98.00  1.2496E+03 -5.1871E-01  5.7659E-01 -4.6984E-02 -4.1917E-02 -5.8230E-03
   99.00  1.2412E+03 -5.1237E-01  5.7162E-01 -6.9680E-02 -4.4066E-02 -2.4012E-02
  100.00  1.2330E+03 -5.0504E-01  5.6722E-01 -9.1595E-02 -4.6306E-02 -4.1135E-02
  101.00  1.2294E+03 -4.9925E-01  5.6579E-01 -1.1337E-01 -4.7731E-02 -5.8318E-02
  102.00  1.2325E+03 -4.9553E-01  5.6715E-01 -1.3507E-01 -4.7393E-02 -7.6139E-02
  103.00  1.2393E+03 -4.9251E-01  5.6900E-01 -1.5546E-01 -4.5349E-02 -9.3592E-02
  104.00  1.2438E+03 -4.8881E-01  5.6956E-01 -1.7397E-01 -4.2735E-02 -1.0969E-01
  105.00  1.2419E+03 -4.8380E-01  5.6891E-01 -1.9147E-01 -4.1002E-02 -1.2469E-01
  106.00  1.2348E+03 -4.7771E-01  5.6841E-01 -2.0871E-01 -4.1037E-02 -1.3926E-01
  107.00  1.2278E+03 -4.7183E-01  5.6944E-01 -2.2516E-01 -4.2270E-02 -1.5344E-01
  108.00  1.2259E+03 -4.6738E-01  5.7249E-01 -2.4036E-01 -4.2508E-02 -1.6695E-01
  109.00  1.2297E+03 -4.6335E-01  5.7648E-01 -2.5523E-01 -3.9828E-02 -1.7989E-01
  110.00  1.2351E+03 -4.5657E-01  5.7924E-01 -2.7105E-01 -3.5260E-02 -1.9264E-01
  111.00  1.2367E+03 -4.4498E-01  5.7891E-01 -2.8796E-01 -3.2712E-02 -2.0539E-01
  112.00  1.2327E+03 -4.2994E-01  5.7568E-01 -3.0554E-01 -3.5417E-02 -2.1842E-01
  113.00  1.2270E+03 -4.1530E-01  5.7210E-01 -3.2393E-01 -4.2390E-02 -2.3253E-01
  114.00  1.2265E+03 -4.0461E-01  5.7141E-01 -3.4321E-01 -4.8630E-02 -2.4830E-01
  115.00  1.2332E+03 -3.9849E-01  5.7477E-01 -3.6186E-01 -4.9551E-02 -2.6479E-01
  116.00  1.2414E+03 -3.9414E-01  5.8030E-01 -3.7780E-01 -4.5436E-02 -2.8003E-01
  117.00  1.2451E+03 -3.8762E-01  5.8509E-01 -3.9067E-01 -4.0797E-02 -2.9284E-01
  118.00  1.2457E+03 -3.7751E-01  5.8776E-01 -4.0195E-01 -3.9276E-02 -3.0337E-01
  119.00  1.2494E+03 -3.6636E-01  5.8916E-01 -4.1319E-01 -3.9736E-02 -3.1211E-01
  120.00  1.2573E+03 -3.5751E-01  5.9107E-01 -4.2475E-01 -3.8301E-02 -3.1947E-01
  121.00  1.2634E+03 -3.5092E-01  5.9437E-01 -4.3641E-01 -3.3962E-02 -3.2644E-01
  122.00  1.2632E+03 -3.4345E-01  5.9855E-01 -4.4815E-01 -2.9755E-02 -3.3469E-01
  123.00  1.2606E+03 -3.3280E-01  6.0264E-01 -4.5997E-01 -2.8253E-02 -3.4528E-01
  124.00  1.2629E+03 -3.1957E-01  6.0610E-01 -4.7199E-01 -2.8298E-02 -3.5763E-01
  125.00  1.2719E+03 -3.0574E-01  6.0863E-01 -4.8472E-01 -2.7360E-02 -3.7016E-01
  126.00  1.2821E+03 -2.9250E-01  6.0981E-01 -4.9838E-01 -2.5307E-02 -3.8177E-01
  127.00  1.2880E+03 -2.8037E-01  6.0973E-01 -5.1153E-01 -2.4081E-02 -3.9173E-01
  128.00  1.2893E+03 -2.7028E-01  6.0984E-01 -5.2123E-01 -2.5076E-02 -3.9907E-01
  129.00  1.2895E+03 -2.6283E-01  6.1234E-01 -5.2607E-01 -2.8337E-02 -4.0361E-01
  130.00  1.2923E+03 -2.5656E-01  6.1783E-01 -5.2880E-01 -3.3358E-02 -4.0762E-01
  131.00  1.2999E+03 -2.4800E-01  6.2426E-01 -5.3441E-01 -3.9227E-02 -4.1444E-01
  132.00  1.3119E+03 -2.3492E-01  6.2883E-01 -5.4501E-01 -4.4208E-02 -4.2437E-01
  133.00  1.3249E+03 -2.1934E-01  6.3065E-01 -5.5759E-01 -4.6488E-02 -4.3334E-01
  134.00  1.3351E+03 -2.0650E-01  6.3118E-01 -5.6748E-01 -4.5715E-02 -4.3722E-01
  135.00  1.3414E+03 -2.0036E-01  6.3228E-01 -5.7277E-01 -4.3240E-02 -4.3654E-01
  136.00  1.3465E+03 -1.9987E-01  6.3454E-01 -5.7530E-01 -4.0653E-02 -4.3580E-01
  137.00  1.3545E+03 -1.9931E-01  6.3746E-01 -5.7863E-01 -3.8683E-02 -4.3902E-01
  138.00  1.3674E+03 -1.9256E-01  6.4057E-01 -5.8579E-01 -3.7848E-02 -4.4684E-01
  139.00  1.3833E+03 -1.7804E-01  6.4401E-01 -5.9722E-01 -3.9051E-02 -4.5740E-01
  140.00  1.3959E+03 -1.5985E-01  6.4778E-01 -6.0977E-01 -4.2095E-02 -4.6787E-01
  141.00  1.3981E+03 -1.4417E-01  6.5117E-01 -6.1853E-01 -4.4164E-02 -4.7526E-01
  142.00  1.3899E+03 -1.3477E-01  6.5310E-01 -6.2103E-01 -4.1643E-02 -4.7764E-01
  143.00  1.3803E+03 -1.3111E-01  6.5316E-01 -6.1984E-01 -3.4291E-02 -4.7592E-01
  144.00  1.3804E+03 -1.2988E-01  6.5232E-01 -6.2031E-01 -2.6631E-02 -4.7383E-01
  145.00  1.3931E+03 -1.2803E-01  6.5241E-01 -6.2490E-01 -2.3319E-02 -4.7479E-01
  146.00  1.4113E+03 -1.2427E-01  6.5462E-01 -6.3124E-01 -2.3828E-02 -4.7902E-01
  147.00  1.4255E+03 -1.1809E-01  6.5877E-01 -6.3610E-01 -2.3948E-02 -4.8473E-01
  148.00  1.4337E+03 -1.0855E-01  6.6409E-01 -6.3959E-01 -2.1603E-02 -4.9114E-01
  149.00  1.4414E+03 -9.5146E-02  6.6999E-01 -6.4432E-01 -1.9029E-02 -4.9875E-01
  150.00  1.4536E+03 -7.9847E-02  6.7577E-01 -6.5143E-01 -1.9219E-02 -5.0690E-01
  151.00  1.4690E+03 -6.7032E-02  6.8021E-01 -6.5891E-01 -2.2153E-02 -5.1288E-01
  152.00  1.4814E+03 -6.0251E-02  6.8228E-01 -6.6407E-01 -2.5803E-02 -5.1447E-01
  153.00  1.4868E+03 -5.9177E-02  6.8213E-01 -6.6623E-01 -2.9019E-02 -5.1249E-01
  154.00  1.4870E+03 -6.0052E-02  6.8134E-01 -6.6659E-01 -3.1301E-02 -5.1011E-01
  155.00  1.4885E+03 -5.8861E-02  6.8207E-01 -6.6667E-01 -3.0906E-02 -5.1023E-01
  156.00  1.4965E+03 -5.3945E-02  6.8576E-01 -6.6750E-01 -2.6045E-02 -5.1346E-01
  157.00  1.5124E+03 -4.5874E-02  6.9195E-01 -6.6946E-01 -1.8496E-02 -5.1828E-01
  158.00  1.5354E+03 -3.5754E-02  6.9838E-01 -6.7214E-01 -1.3569E-02 -5.2269E-01
  159.00  1.5625E+03 -2.4242E-02  7.0306E-01 -6.7455E-01 -1.5026E-02 -5.2584E-01
  160.00  1.5869E+03 -1.1725E-02  7.0597E-01 -6.7620E-01 -2.1136E-02 -5.2829E-01
  161.00  1.5986E+03  1.2443E-03  7.0796E-01 -6.7767E-01 -2.6570E-02 -5.3049E-01
  162.00  1.5944E+03  1.3770E-02  7.0863E-01 -6.7977E-01 -2.7216E-02 -5.3121E-01
  163.00  1.5862E+03  2.4494E-02  7.0663E-01 -6.8209E-01 -2.3066E-02 -5.2827E-01
  164.00  1.5927E+03  3.1446E-02  7.0281E-01 -6.8337E-01 -1.8025E-02 -5.2184E-01
  165.00  1.6218E+03  3.2441E-02  7.0104E-01 -6.8361E-01 -1.6630E-02 -5.1639E-01
  166.00  1.6640E+03  2.6487E-02  7.0405E-01 -6.8460E-01 -1.9985E-02 -5.1643E-01
  167.00  1.7035E+03  1.5469E-02  7.1042E-01 -6.8782E-01 -2.5694E-02 -5.2174E-01
  168.00  1.7365E+03  4.7365E-03  7.1767E-01 -6.9333E-01 -3.1354E-02 -5.2958E-01
  169.00  1.7744E+03  1.1994E-03  7.2600E-01 -7.0106E-01 -3.6178E-02 -5.3975E-01
  170.00  1.8287E+03  8.4227E-03  7.3583E-01 -7.1068E-01 -3.9160E-02 -5.5264E-01
  171.00  1.8912E+03  2.2797E-02  7.4292E-01 -7.1981E-01 -3.8352E-02 -5.6259E-01
  172.00  1.9385E+03  3.6321E-02  7.4089E-01 -7.2475E-01 -3.3634E-02 -5.6032E-01
  173.00  1.9613E+03  4.2719E-02  7.2961E-01 -7.2469E-01 -2.7598E-02 -5.4416E-01
  174.00  1.9848E+03  4.0459E-02  7.1830E-01 -7.2375E-01 -2.1558E-02 -5.2507E-01
  175.00  2.0476E+03  3.2081E-02  7.1745E-01 -7.2704E-01 -1.2820E-02 -5.1615E-01
  176.00  2.1636E+03  2.1534E-02  7.2684E-01 -7.3427E-01 -3.1781E-04 -5.1646E-01
  177.00  2.3096E+03  1.1888E-02  7.3697E-01 -7.4035E-01  9.7123E-03 -5.1359E-01
  178.00  2.4458E+03  4.9103E-03  7.4123E-01 -7.4205E-01  1.0384E-02 -5.0137E-01
  179.00  2.5397E+03  1.1193E-03  7.4071E-01 -7.4076E-01  3.9503E-03 -4.8634E-01
  180.00  2.5730E+03  2.6542E-14  7.3980E-01 -7.3980E-01  1.1142E-13 -4.7961E-01
 diffuse scattering matrix 
   theta     11          12          22          33          34          44     
    0.00  2.3685E+04 -4.8661E-07  9.8370E-01  9.8370E-01  6.6259E-06  9.7497E-01
    1.00  3.9151E+04 -4.5949E-04  9.9007E-01  9.9007E-01  5.2997E-03  9.8474E-01
    2.00  6.1127E+04 -1.0613E-03  9.9354E-01  9.9352E-01  8.7272E-03  9.9004E-01
    3.00  5.6698E+04 -1.5294E-03  9.9288E-01  9.9285E-01  9.4497E-03  9.8900E-01
    4.00  3.5480E+04 -1.4396E-03  9.8831E-01  9.8830E-01  7.0645E-03  9.8196E-01
    5.00  2.7280E+04 -2.6594E-03  9.8431E-01  9.8444E-01  2.1047E-03  9.7588E-01
    6.00  3.3499E+04 -7.2743E-03  9.8692E-01  9.8710E-01  3.3413E-03  9.7993E-01
    7.00  3.3881E+04 -1.2341E-02  9.8701E-01  9.8715E-01  6.7090E-03  9.8002E-01
    8.00  2.4300E+04 -1.8033E-02  9.8216E-01  9.8213E-01  9.5044E-03  9.7239E-01
    9.00  1.8118E+04 -2.2869E-02  9.7649E-01  9.7604E-01  9.7376E-03  9.6337E-01
   10.00  2.0002E+04 -2.4617E-02  9.7876E-01  9.7798E-01  9.1982E-03  9.6679E-01
   11.00  2.1700E+04 -2.6237E-02  9.8015E-01  9.7925E-01  1.1128E-02  9.6907E-01
   12.00  1.8801E+04 -2.7288E-02  9.7668E-01  9.7578E-01  1.3101E-02  9.6409E-01
   13.00  1.5383E+04 -2.7357E-02  9.7120E-01  9.7046E-01  1.1604E-02  9.5622E-01
   14.00  1.4392E+04 -2.9464E-02  9.6919E-01  9.6853E-01  9.2661E-03  9.5334E-01
   15.00  1.4032E+04 -3.2882E-02  9.6849E-01  9.6766E-01  1.2393E-02  9.5206E-01
   16.00  1.2719E+04 -3.3882E-02  9.6516E-01  9.6427E-01  1.8616E-02  9.4692E-01
   17.00  1.1245E+04 -3.3330E-02  9.6024E-01  9.5951E-01  2.0589E-02  9.3976E-01
   18.00  1.0367E+04 -3.5908E-02  9.5640E-01  9.5568E-01  1.6043E-02  9.3433E-01
   19.00  9.7273E+03 -4.0788E-02  9.5322E-01  9.5208E-01  1.1566E-02  9.2972E-01
   20.00  9.0150E+03 -4.2834E-02  9.4947E-01  9.4795E-01  1.0233E-02  9.2441E-01
   21.00  8.4019E+03 -4.2377E-02  9.4601E-01  9.4449E-01  8.3926E-03  9.1984E-01
   22.00  7.9613E+03 -4.5696E-02  9.4341E-01  9.4196E-01  4.5377E-03  9.1647E-01
   23.00  7.5044E+03 -5.5172E-02  9.4019E-01  9.3846E-01  3.3883E-03  9.1182E-01
   24.00  6.9116E+03 -6.5922E-02  9.3480E-01  9.3254E-01  8.7186E-03  9.0381E-01
   25.00  6.2732E+03 -7.1890E-02  9.2745E-01  9.2481E-01  1.7175E-02  8.9314E-01
   26.00  5.7719E+03 -7.1820E-02  9.2049E-01  9.1755E-01  2.0939E-02  8.8317E-01
   27.00  5.5216E+03 -7.0044E-02  9.1671E-01  9.1301E-01  1.7133E-02  8.7761E-01
   28.00  5.4464E+03 -7.1434E-02  9.1572E-01  9.1061E-01  1.1415E-02  8.7588E-01
   29.00  5.3234E+03 -7.7156E-02  9.1382E-01  9.0709E-01  9.2723E-03  8.7302E-01
   30.00  5.0257E+03 -8.6051E-02  9.0837E-01  9.0037E-01  1.0574E-02  8.6561E-01
   31.00  4.6705E+03 -9.6369E-02  9.0068E-01  8.9208E-01  1.2857E-02  8.5552E-01
   32.00  4.4443E+03 -1.0566E-01  8.9468E-01  8.8597E-01  1.4571E-02  8.4785E-01
   33.00  4.3471E+03 -1.1207E-01  8.9130E-01  8.8235E-01  1.5055E-02  8.4332E-01
   34.00  4.2198E+03 -1.1586E-01  8.8712E-01  8.7739E-01  1.3371E-02  8.3704E-01
   35.00  3.9826E+03 -1.1849E-01  8.8000E-01  8.6893E-01  9.3710E-03  8.2636E-01
   36.00  3.7247E+03 -1.2148E-01  8.7198E-01  8.5928E-01  5.7764E-03  8.1459E-01
   37.00  3.5532E+03 -1.2570E-01  8.6631E-01  8.5213E-01  6.0726E-03  8.0665E-01
   38.00  3.4591E+03 -1.3075E-01  8.6249E-01  8.4731E-01  8.2421E-03  8.0205E-01
   39.00  3.3731E+03 -1.3624E-01  8.5772E-01  8.4194E-01  5.8261E-03  7.9663E-01
   40.00  3.2744E+03 -1.4308E-01  8.5172E-01  8.3513E-01 -3.1272E-03  7.8900E-01
   41.00  3.1836E+03 -1.5218E-01  8.4634E-01  8.2816E-01 -1.2204E-02  7.8076E-01
   42.00  3.0967E+03 -1.6274E-01  8.4176E-01  8.2120E-01 -1.3936E-02  7.7246E-01
   43.00  2.9876E+03 -1.7331E-01  8.3602E-01  8.1266E-01 -8.6566E-03  7.6278E-01
   44.00  2.8599E+03 -1.8359E-01  8.2828E-01  8.0184E-01 -2.9160E-03  7.5150E-01
   45.00  2.7455E+03 -1.9360E-01  8.1996E-01  7.9028E-01 -2.2192E-03  7.4019E-01
   46.00  2.6570E+03 -2.0246E-01  8.1248E-01  7.7983E-01 -7.0183E-03  7.2997E-01
   47.00  2.5781E+03 -2.0997E-01  8.0570E-01  7.7064E-01 -1.3896E-02  7.2045E-01
   48.00  2.4967E+03 -2.1818E-01  7.9934E-01  7.6170E-01 -1.8281E-02  7.1134E-01
   49.00  2.4211E+03 -2.2899E-01  7.9387E-01  7.5229E-01 -1.7039E-02  7.0295E-01
   50.00  2.3631E+03 -2.4080E-01  7.8937E-01  7.4242E-01 -1.1640E-02  6.9508E-01
   51.00  2.3238E+03 -2.5030E-01  7.8499E-01  7.3270E-01 -7.5783E-03  6.8706E-01
   52.00  2.2955E+03 -2.5725E-01  7.8000E-01  7.2355E-01 -8.2277E-03  6.7862E-01
   53.00  2.2657E+03 -2.6471E-01  7.7419E-01  7.1427E-01 -1.1403E-02  6.6941E-01
   54.00  2.2190E+03 -2.7450E-01  7.6731E-01  7.0351E-01 -1.3687E-02  6.5832E-01
   55.00  2.1497E+03 -2.8515E-01  7.5915E-01  6.9088E-01 -1.5287E-02  6.4478E-01
   56.00  2.0733E+03 -2.9487E-01  7.5062E-01  6.7768E-01 -1.8230E-02  6.3033E-01
   57.00  2.0154E+03 -3.0417E-01  7.4362E-01  6.6531E-01 -2.1808E-02  6.1762E-01
   58.00  1.9857E+03 -3.1438E-01  7.3876E-01  6.5340E-01 -2.3193E-02  6.0711E-01
   59.00  1.9685E+03 -3.2505E-01  7.3454E-01  6.4054E-01 -2.2296E-02  5.9663E-01
   60.00  1.9440E+03 -3.3487E-01  7.2945E-01  6.2686E-01 -2.2004E-02  5.8476E-01
   61.00  1.9094E+03 -3.4377E-01  7.2368E-01  6.1420E-01 -2.3463E-02  5.7259E-01
   62.00  1.8713E+03 -3.5243E-01  7.1789E-01  6.0337E-01 -2.4249E-02  5.6138E-01
   63.00  1.8301E+03 -3.6064E-01  7.1163E-01  5.9228E-01 -2.2085E-02  5.5002E-01
   64.00  1.7818E+03 -3.6788E-01  7.0439E-01  5.7845E-01 -1.8333E-02  5.3654E-01
   65.00  1.7327E+03 -3.7501E-01  6.9725E-01  5.6234E-01 -1.6357E-02  5.2137E-01
   66.00  1.6964E+03 -3.8362E-01  6.9185E-01  5.4672E-01 -1.7697E-02  5.0714E-01
   67.00  1.6772E+03 -3.9368E-01  6.8773E-01  5.3262E-01 -2.0886E-02  4.9486E-01
   68.00  1.6648E+03 -4.0332E-01  6.8281E-01  5.1807E-01 -2.3483E-02  4.8237E-01
   69.00  1.6467E+03 -4.1106E-01  6.7630E-01  5.0139E-01 -2.4275E-02  4.6742E-01
   70.00  1.6198E+03 -4.1735E-01  6.6958E-01  4.8354E-01 -2.3941E-02  4.5065E-01
   71.00  1.5901E+03 -4.2453E-01  6.6446E-01  4.6656E-01 -2.4359E-02  4.3465E-01
   72.00  1.5659E+03 -4.3516E-01  6.6152E-01  4.5080E-01 -2.6639E-02  4.2066E-01
   73.00  1.5497E+03 -4.4917E-01  6.5979E-01  4.3460E-01 -2.9598E-02  4.0712E-01
   74.00  1.5366E+03 -4.6299E-01  6.5738E-01  4.1635E-01 -3.1153E-02  3.9182E-01
   75.00  1.5193E+03 -4.7267E-01  6.5279E-01  3.9604E-01 -3.1004E-02  3.7452E-01
   76.00  1.4960E+03 -4.7759E-01  6.4616E-01  3.7522E-01 -3.0672E-02  3.5698E-01
   77.00  1.4707E+03 -4.8025E-01  6.3932E-01  3.5607E-01 -3.1049E-02  3.4102E-01
   78.00  1.4484E+03 -4.8340E-01  6.3397E-01  3.3971E-01 -3.1291E-02  3.2684E-01
   79.00  1.4310E+03 -4.8824E-01  6.3010E-01  3.2479E-01 -3.0571E-02  3.1288E-01
   80.00  1.4183E+03 -4.9464E-01  6.2652E-01  3.0845E-01 -2.9660E-02  2.9738E-01
   81.00  1.4077E+03 -5.0164E-01  6.2253E-01  2.8923E-01 -2.9659E-02  2.8028E-01
   82.00  1.3955E+03 -5.0765E-01  6.1836E-01  2.6808E-01 -3.0076E-02  2.6304E-01
   83.00  1.3801E+03 -5.1120E-01  6.1422E-01  2.4624E-01 -2.9582E-02  2.4660E-01
   84.00  1.3641E+03 -5.1197E-01  6.0980E-01  2.2384E-01 -2.8428E-02  2.3027E-01
   85.00  1.3512E+03 -5.1131E-01  6.0493E-01  2.0125E-01 -2.8659E-02  2.1296E-01
   86.00  1.3415E+03 -5.1137E-01  6.0016E-01  1.8059E-01 -3.1366E-02  1.9488E-01
   87.00  1.3308E+03 -5.1331E-01  5.9626E-01  1.6370E-01 -3.4812E-02  1.7726E-01
   88.00  1.3160E+03 -5.1637E-01  5.9323E-01  1.4920E-01 -3.6306E-02  1.6060E-01
   89.00  1.2983E+03 -5.1892E-01  5.9047E-01  1.3294E-01 -3.5454E-02  1.4373E-01
   90.00  1.2827E+03 -5.2068E-01  5.8798E-01  1.1177E-01 -3.4704E-02  1.2487E-01
   91.00  1.2738E+03 -5.2319E-01  5.8655E-01  8.6562E-02 -3.6328E-02  1.0379E-01
   92.00  1.2715E+03 -5.2729E-01  5.8635E-01  6.1447E-02 -3.9529E-02  8.2781E-02
   93.00  1.2712E+03 -5.3096E-01  5.8621E-01  4.0293E-02 -4.1577E-02  6.5072E-02
   94.00  1.2675E+03 -5.3139E-01  5.8501E-01  2.4061E-02 -4.1295E-02  5.1968E-02
   95.00  1.2595E+03 -5.2866E-01  5.8315E-01  1.0368E-02 -4.0050E-02  4.1391E-02
   96.00  1.2504E+03 -5.2531E-01  5.8156E-01 -4.9169E-03 -3.9584E-02  2.9306E-02
   97.00  1.2425E+03 -5.2247E-01  5.7979E-01 -2.4449E-02 -4.0224E-02  1.3303E-02
   98.00  1.2348E+03 -5.1841E-01  5.7629E-01 -4.7172E-02 -4.1500E-02 -5.3084E-03
   99.00  1.2258E+03 -5.1186E-01  5.7109E-01 -7.0108E-02 -4.3273E-02 -2.3681E-02
  100.00  1.2177E+03 -5.0449E-01  5.6671E-01 -9.1947E-02 -4.5380E-02 -4.0938E-02
  101.00  1.2148E+03 -4.9886E-01  5.6560E-01 -1.1350E-01 -4.6936E-02 -5.8253E-02
  102.00  1.2188E+03 -4.9541E-01  5.6735E-01 -1.3500E-01 -4.6926E-02 -7.6110E-02
  103.00  1.2260E+03 -4.9267E-01  5.6937E-01 -1.5521E-01 -4.5306E-02 -9.3381E-02
  104.00  1.2304E+03 -4.8925E-01  5.6985E-01 -1.7345E-01 -4.3074E-02 -1.0921E-01
  105.00  1.2283E+03 -4.8452E-01  5.6907E-01 -1.9075E-01 -4.1541E-02 -1.2409E-01
  106.00  1.2211E+03 -4.7858E-01  5.6842E-01 -2.0800E-01 -4.1552E-02 -1.3871E-01
  107.00  1.2141E+03 -4.7260E-01  5.6920E-01 -2.2462E-01 -4.2635E-02 -1.5289E-01
  108.00  1.2123E+03 -4.6785E-01  5.7191E-01 -2.3987E-01 -4.2736E-02 -1.6622E-01
  109.00  1.2163E+03 -4.6356E-01  5.7574E-01 -2.5454E-01 -3.9962E-02 -1.7899E-01
  110.00  1.2222E+03 -4.5683E-01  5.7868E-01 -2.7017E-01 -3.5269E-02 -1.9194E-01
  111.00  1.2246E+03 -4.4561E-01  5.7884E-01 -2.8725E-01 -3.2515E-02 -2.0536E-01
  112.00  1.2213E+03 -4.3099E-01  5.7617E-01 -3.0532E-01 -3.4962E-02 -2.1921E-01
  113.00  1.2157E+03 -4.1647E-01  5.7298E-01 -3.2411E-01 -4.1721E-02 -2.3377E-01
  114.00  1.2147E+03 -4.0547E-01  5.7238E-01 -3.4327E-01 -4.7897E-02 -2.4933E-01
  115.00  1.2205E+03 -3.9885E-01  5.7556E-01 -3.6148E-01 -4.8928E-02 -2.6519E-01
  116.00  1.2280E+03 -3.9407E-01  5.8077E-01 -3.7710E-01 -4.5042E-02 -2.7988E-01
  117.00  1.2315E+03 -3.8729E-01  5.8522E-01 -3.8992E-01 -4.0697E-02 -2.9251E-01
  118.00  1.2324E+03 -3.7713E-01  5.8764E-01 -4.0131E-01 -3.9495E-02 -3.0313E-01
  119.00  1.2365E+03 -3.6612E-01  5.8895E-01 -4.1267E-01 -4.0177E-02 -3.1203E-01
  120.00  1.2447E+03 -3.5748E-01  5.9088E-01 -4.2441E-01 -3.8696E-02 -3.1947E-01
  121.00  1.2507E+03 -3.5101E-01  5.9418E-01 -4.3637E-01 -3.3978E-02 -3.2643E-01
  122.00  1.2503E+03 -3.4362E-01  5.9832E-01 -4.4838E-01 -2.9207E-02 -3.3465E-01
  123.00  1.2475E+03 -3.3309E-01  6.0236E-01 -4.6030E-01 -2.7247E-02 -3.4525E-01
  124.00  1.2494E+03 -3.1995E-01  6.0574E-01 -4.7220E-01 -2.7226E-02 -3.5757E-01
  125.00  1.2573E+03 -3.0597E-01  6.0807E-01 -4.8475E-01 -2.6681E-02 -3.6993E-01
  126.00  1.2662E+03 -2.9236E-01  6.0902E-01 -4.9832E-01 -2.5217E-02 -3.8122E-01
  127.00  1.2714E+03 -2.7989E-01  6.0890E-01 -5.1143E-01 -2.4393E-02 -3.9094E-01
  128.00  1.2729E+03 -2.6968E-01  6.0930E-01 -5.2109E-01 -2.5474E-02 -3.9837E-01
  129.00  1.2736E+03 -2.6231E-01  6.1219E-01 -5.2588E-01 -2.8731E-02 -4.0329E-01
  130.00  1.2770E+03 -2.5619E-01  6.1792E-01 -5.2863E-01 -3.3910E-02 -4.0769E-01
  131.00  1.2849E+03 -2.4782E-01  6.2438E-01 -5.3439E-01 -4.0068E-02 -4.1472E-01
  132.00  1.2970E+03 -2.3490E-01  6.2895E-01 -5.4525E-01 -4.5265E-02 -4.2467E-01
  133.00  1.3101E+03 -2.1935E-01  6.3086E-01 -5.5809E-01 -4.7529E-02 -4.3363E-01
  134.00  1.3209E+03 -2.0646E-01  6.3151E-01 -5.6818E-01 -4.6463E-02 -4.3757E-01
  135.00  1.3284E+03 -2.0037E-01  6.3266E-01 -5.7358E-01 -4.3511E-02 -4.3697E-01
  136.00  1.3344E+03 -2.0014E-01  6.3493E-01 -5.7609E-01 -4.0546E-02 -4.3630E-01
  137.00  1.3423E+03 -1.9991E-01  6.3786E-01 -5.7926E-01 -3.8594E-02 -4.3947E-01
  138.00  1.3545E+03 -1.9326E-01  6.4100E-01 -5.8620E-01 -3.8198E-02 -4.4715E-01
  139.00  1.3696E+03 -1.7842E-01  6.4439E-01 -5.9756E-01 -4.0006E-02 -4.5764E-01
  140.00  1.3818E+03 -1.5965E-01  6.4805E-01 -6.1029E-01 -4.3545E-02 -4.6827E-01
  141.00  1.3842E+03 -1.4357E-01  6.5133E-01 -6.1932E-01 -4.5824E-02 -4.7596E-01
  142.00  1.3758E+03 -1.3416E-01  6.5319E-01 -6.2188E-01 -4.3131E-02 -4.7847E-01
  143.00  1.3656E+03 -1.3078E-01  6.5319E-01 -6.2040E-01 -3.5264E-02 -4.7657E-01
  144.00  1.3651E+03 -1.2984E-01  6.5225E-01 -6.2050E-01 -2.6961E-02 -4.7420E-01
  145.00  1.3777E+03 -1.2813E-01  6.5221E-01 -6.2510E-01 -2.3136E-02 -4.7514E-01
  146.00  1.3960E+03 -1.2441E-01  6.5425E-01 -6.3177E-01 -2.3393E-02 -4.7959E-01
  147.00  1.4101E+03 -1.1825E-01  6.5827E-01 -6.3684E-01 -2.3523E-02 -4.8543E-01
  148.00  1.4174E+03 -1.0872E-01  6.6351E-01 -6.4018E-01 -2.1272E-02 -4.9169E-01
  149.00  1.4239E+03 -9.5230E-02  6.6926E-01 -6.4462E-01 -1.8585E-02 -4.9895E-01
  150.00  1.4354E+03 -7.9744E-02  6.7481E-01 -6.5154E-01 -1.8440E-02 -5.0673E-01
  151.00  1.4509E+03 -6.6742E-02  6.7914E-01 -6.5884E-01 -2.1200E-02 -5.1235E-01
  152.00  1.4636E+03 -5.9826E-02  6.8133E-01 -6.6363E-01 -2.5098E-02 -5.1353E-01
  153.00  1.4689E+03 -5.8648E-02  6.8139E-01 -6.6530E-01 -2.8756E-02 -5.1103E-01
  154.00  1.4692E+03 -5.9544E-02  6.8067E-01 -6.6531E-01 -3.1276E-02 -5.0820E-01
  155.00  1.4717E+03 -5.8656E-02  6.8138E-01 -6.6537E-01 -3.0808E-02 -5.0822E-01
  156.00  1.4819E+03 -5.4203E-02  6.8519E-01 -6.6649E-01 -2.5770E-02 -5.1188E-01
  157.00  1.5000E+03 -4.6387E-02  6.9172E-01 -6.6895E-01 -1.8173E-02 -5.1756E-01
  158.00  1.5237E+03 -3.6191E-02  6.9859E-01 -6.7214E-01 -1.3387E-02 -5.2292E-01
  159.00  1.5495E+03 -2.4596E-02  7.0365E-01 -6.7488E-01 -1.5083E-02 -5.2681E-01
  160.00  1.5714E+03 -1.2331E-02  7.0678E-01 -6.7662E-01 -2.1414E-02 -5.2965E-01
  161.00  1.5811E+03  9.0089E-05  7.0896E-01 -6.7808E-01 -2.6966E-02 -5.3206E-01
  162.00  1.5764E+03  1.2113E-02  7.0983E-01 -6.8021E-01 -2.7621E-02 -5.3294E-01
  163.00  1.5686E+03  2.2755E-02  7.0786E-01 -6.8247E-01 -2.3536E-02 -5.2984E-01
  164.00  1.5756E+03  3.0212E-02  7.0360E-01 -6.8350E-01 -1.8836E-02 -5.2269E-01
  165.00  1.6055E+03  3.2025E-02  7.0119E-01 -6.8356E-01 -1.7978E-02 -5.1649E-01
  166.00  1.6495E+03  2.6614E-02  7.0401E-01 -6.8483E-01 -2.1570E-02 -5.1667E-01
  167.00  1.6909E+03  1.5500E-02  7.1078E-01 -6.8855E-01 -2.6786E-02 -5.2286E-01
  168.00  1.7238E+03  4.1993E-03  7.1835E-01 -6.9411E-01 -3.1354E-02 -5.3104E-01
  169.00  1.7586E+03  1.3440E-04  7.2634E-01 -7.0109E-01 -3.5116E-02 -5.4014E-01
  170.00  1.8087E+03  7.2727E-03  7.3543E-01 -7.0976E-01 -3.7717E-02 -5.5134E-01
  171.00  1.8694E+03  2.1908E-02  7.4218E-01 -7.1861E-01 -3.7467E-02 -5.6065E-01
  172.00  1.9184E+03  3.5619E-02  7.4066E-01 -7.2426E-01 -3.3961E-02 -5.5955E-01
  173.00  1.9445E+03  4.1956E-02  7.3047E-01 -7.2545E-01 -2.9084E-02 -5.4573E-01
  174.00  1.9696E+03  3.9614E-02  7.2014E-01 -7.2552E-01 -2.3426E-02 -5.2871E-01
  175.00  2.0313E+03  3.1469E-02  7.1948E-01 -7.2903E-01 -1.4239E-02 -5.2032E-01
  176.00  2.1442E+03  2.1505E-02  7.2831E-01 -7.3573E-01 -1.1094E-03 -5.1960E-01
  177.00  2.2858E+03  1.2383E-02  7.3763E-01 -7.4101E-01  9.2635E-03 -5.1513E-01
  178.00  2.4170E+03  5.4531E-03  7.4125E-01 -7.4207E-01  1.0114E-02 -5.0154E-01
  179.00  2.5064E+03  1.3280E-03  7.4035E-01 -7.4041E-01  3.8594E-03 -4.8567E-01
  180.00  2.5378E+03  3.2449E-14  7.3933E-01 -7.3933E-01  1.0891E-13 -4.7866E-01
 azimuthal averaged scattering matrix expansion coefficients
    n       11          44          12          34         22p         22m
    0  1.0000E+00  4.5908E-01  0.0000E+00  0.0000E+00  0.0000E+00  0.0000E+00
    1  1.1181E+00  1.4935E+00  0.0000E+00  0.0000E+00  0.0000E+00  0.0000E+00
    2  1.5104E+00  1.3806E+00 -4.9787E-01 -3.5302E-02  2.3998E+00  4.8853E-01
    3  1.4115E+00  1.4433E+00 -1.0383E-01  1.3563E-02  1.7040E+00  8.4616E-03
    4  1.4484E+00  1.4085E+00 -5.3832E-02  2.6221E-03  1.6050E+00  3.1310E-02
    5  1.3421E+00  1.3749E+00 -5.6049E-02  2.2228E-02  1.4913E+00 -1.6517E-02
    6  1.2983E+00  1.2630E+00 -4.1748E-02  1.6137E-02  1.3734E+00  2.1049E-02
    7  1.1542E+00  1.1909E+00 -4.8523E-02  2.8654E-02  1.2461E+00 -1.8059E-02
    8  1.0965E+00  1.0663E+00 -3.5816E-02  2.0258E-02  1.1344E+00  2.0694E-02
    9  9.6112E-01  9.8953E-01 -4.4032E-02  1.9369E-02  1.0215E+00 -1.4096E-02
   10  9.0780E-01  8.8128E-01 -2.7741E-02  1.6166E-02  9.2531E-01  1.5646E-02
   11  7.8513E-01  8.1129E-01 -4.2059E-02  1.8462E-02  8.2976E-01 -1.4082E-02
   12  7.3832E-01  7.1791E-01 -2.3179E-02  7.0303E-03  7.4817E-01  1.3242E-02
   13  6.4199E-01  6.6035E-01 -3.1019E-02  2.0982E-02  6.6744E-01 -9.0328E-03
   14  5.9863E-01  5.8368E-01 -1.7905E-02  9.7025E-03  6.0524E-01  1.0759E-02
   15  5.2013E-01  5.3976E-01 -3.0591E-02  2.1748E-02  5.4188E-01 -1.0202E-02
   16  4.9986E-01  4.8440E-01 -2.6300E-02  1.6750E-02  5.0182E-01  8.8186E-03
   17  4.4609E-01  4.6512E-01 -3.2327E-02  1.6050E-02  4.6208E-01 -1.0532E-02
   18  4.4758E-01  4.3180E-01 -2.0398E-02  1.7981E-02  4.4292E-01  1.0159E-02
   19  4.0634E-01  4.1820E-01 -2.1871E-02  1.9207E-02  4.1948E-01 -7.1170E-03
   20  4.0365E-01  3.9457E-01 -1.7964E-02  2.5407E-03  4.0232E-01  6.6991E-03
   21  3.7375E-01  3.7968E-01 -1.9863E-02  9.8286E-03  3.7854E-01 -2.8228E-03
   22  3.6250E-01  3.6592E-01 -1.6862E-02 -3.1469E-03  3.6596E-01  7.6412E-04
   23  3.4847E-01  3.4936E-01 -3.3135E-03  3.2253E-03  3.5300E-01  1.0794E-03
   24  3.4574E-01  3.3822E-01 -4.8712E-03  3.5545E-03  3.4285E-01  3.9467E-03
   25  3.2339E-01  3.2658E-01 -1.1210E-02  6.9845E-03  3.2718E-01 -3.1411E-03
   26  3.2005E-01  3.1841E-01 -5.0500E-03 -2.3845E-03  3.1864E-01  2.9355E-03
   27  2.9155E-01  2.9515E-01 -5.3543E-03  1.9530E-03  3.0006E-01 -2.4924E-03
   28  2.7726E-01  2.7790E-01 -8.7731E-03  2.8869E-03  2.7729E-01  1.8598E-03
   29  2.5806E-01  2.6285E-01 -2.6222E-03  1.0971E-03  2.6275E-01 -7.8207E-04
   30  2.4904E-01  2.5142E-01  1.0032E-02  6.6121E-03  2.5112E-01  9.6920E-04
   31  2.3788E-01  2.3045E-01 -1.1504E-03  7.3446E-03  2.3607E-01  2.0115E-03
   32  2.3301E-01  2.4214E-01  1.0903E-02  6.2719E-03  2.3658E-01 -3.5131E-03
   33  2.3442E-01  2.3812E-01  1.9892E-03  9.6616E-03  2.3897E-01 -1.3600E-03
   34  2.4657E-01  2.3786E-01  2.3532E-02  7.6917E-03  2.3980E-01  6.2666E-03
   35  2.1773E-01  2.2829E-01  9.9537E-04  1.4307E-02  2.2467E-01 -4.2390E-03
   36  2.0335E-01  1.9277E-01  6.3619E-03  1.2702E-02  2.0059E-01  5.6003E-03
   37  1.4994E-01  1.7083E-01 -7.6678E-03  1.0757E-02  1.6122E-01 -9.1882E-03
   38  1.3662E-01  1.1881E-01 -5.0486E-03  1.1646E-02  1.2971E-01  1.1238E-02
   39  9.3013E-02  1.0876E-01 -4.7030E-04 -2.0150E-03  1.0231E-01 -8.7891E-03
   40  8.7336E-02  7.6369E-02 -5.7593E-03  9.6043E-04  8.4941E-02  4.6684E-03
   41  6.9778E-02  7.5653E-02  4.6106E-03 -5.6131E-03  7.3329E-02 -5.5117E-03
   42  6.5078E-02  5.4590E-02  1.2643E-02 -3.6497E-03  5.7877E-02  5.6303E-03
   43  3.9091E-02  4.0914E-02  7.2145E-03 -2.4086E-03  4.3871E-02 -1.2329E-03
   44  3.1948E-02  3.6782E-02  1.2027E-02  2.9401E-03  3.5254E-02 -2.7271E-03
   45  3.2080E-02  3.6982E-02  4.6176E-03 -1.0952E-03  3.5886E-02 -3.8006E-03
   46  4.2370E-02  3.5842E-02  6.1827E-03  7.2330E-03  3.8103E-02  3.8566E-03
   47  4.4517E-02  5.3207E-02  9.9063E-03  3.9743E-03  4.6935E-02 -3.4807E-03
   48  5.7386E-02  5.2394E-02  1.8691E-03  4.7316E-03  5.3928E-02  3.8217E-03
   49  5.6252E-02  5.8426E-02  7.7919E-03  9.7098E-03  6.0591E-02 -1.4678E-04
   50  5.1999E-02  5.9576E-02 -1.0242E-02  1.1901E-02  5.5829E-02 -1.8125E-03
   51  6.1125E-02  5.9812E-02 -7.6933E-03  2.0089E-02  6.0161E-02 -1.1627E-04
   52  7.2498E-02  6.9199E-02  7.8714E-06  1.7171E-02  7.1250E-02  7.2159E-04
   53  6.8014E-02  7.1760E-02  1.5043E-03  2.1415E-02  7.1094E-02 -3.6940E-03
   54  6.9952E-02  5.7372E-02 -4.8355E-03  1.6203E-02  5.9875E-02  4.7812E-03
   55  4.3327E-02  5.4442E-02  4.6265E-04  1.4940E-03  5.2539E-02 -5.4975E-03
   56  4.7663E-02  4.0157E-02 -3.6566E-03  3.7034E-03  4.0251E-02  4.1052E-03
   57  3.9108E-02  4.4969E-02  2.5122E-03  1.3792E-03  4.3948E-02 -4.3791E-03
   58  5.7538E-02  5.5074E-02  7.2799E-03  7.0160E-03  5.5005E-02  1.4538E-03
   59  7.4635E-02  6.9146E-02  4.0183E-03  7.9326E-03  7.1369E-02  3.3635E-03
   60  9.0393E-02  9.7354E-02 -2.0263E-05  1.5455E-02  9.3494E-02 -4.2412E-03
   61  1.1753E-01  1.1386E-01  9.8073E-04  1.2929E-02  1.1494E-01  1.0808E-03
   62  1.3682E-01  1.2946E-01  7.1016E-03  1.4215E-02  1.3078E-01  2.1763E-03
   63  1.3367E-01  1.3588E-01  1.7495E-03  1.2275E-02  1.3635E-01 -8.4336E-04
   64  1.2167E-01  1.2664E-01 -3.0730E-03  7.1842E-03  1.2400E-01 -1.5127E-03
   65  1.0535E-01  1.0302E-01  1.0380E-03  2.7914E-03  1.0588E-01  1.1868E-03
   66  7.4643E-02  7.4194E-02 -1.4100E-03  6.4591E-03  7.4842E-02  3.5200E-04
   67  3.6411E-02  3.5010E-02 -4.7604E-03  3.7005E-03  3.7401E-02  3.6391E-04
   68 -1.0316E-02 -5.9571E-03 -8.0717E-05  6.6909E-03 -6.8634E-03 -2.0528E-03
   69 -5.6290E-02 -6.2387E-02 -3.3974E-03  1.1567E-02 -5.7226E-02  2.5924E-03
   70 -1.1449E-01 -1.0796E-01 -2.2087E-03  9.9000E-03 -1.0980E-01 -2.8305E-03
   71 -1.5349E-01 -1.6113E-01 -1.3878E-03  7.5691E-03 -1.5621E-01  4.1991E-03
   72 -2.0261E-01 -1.9706E-01  1.7550E-03  7.7895E-03 -2.0005E-01 -2.7218E-03
   73 -2.4287E-01 -2.4691E-01  4.7110E-03  1.0140E-02 -2.4283E-01  2.1772E-03
   74 -2.9417E-01 -2.9302E-01  5.5775E-03  1.4384E-02 -2.9336E-01 -1.8422E-04
   75 -3.5431E-01 -3.5544E-01  1.2473E-03  1.5583E-02 -3.5229E-01  3.0788E-04
   76 -4.2223E-01 -4.1981E-01 -5.9204E-04  1.9564E-02 -4.1945E-01 -9.1048E-04
   77 -4.9021E-01 -4.9210E-01 -2.7169E-04  1.8171E-02 -4.8875E-01  1.4607E-03
   78 -5.6160E-01 -5.6104E-01 -3.3273E-03  2.3053E-02 -5.5999E-01 -2.9597E-04
   79 -6.2976E-01 -6.2862E-01 -7.2078E-03  2.1088E-02 -6.2810E-01 -1.5330E-04
   80 -6.8940E-01 -6.8836E-01 -1.0097E-02  2.0326E-02 -6.8785E-01 -5.7882E-04
   81 -7.3895E-01 -7.3941E-01 -1.3285E-02  1.8741E-02 -7.3793E-01  2.2028E-04
   82 -7.7442E-01 -7.7208E-01 -1.5150E-02  1.5838E-02 -7.7245E-01 -1.1239E-03
   83 -7.9236E-01 -7.9266E-01 -1.4216E-02  1.1174E-02 -7.9279E-01 -1.0855E-04
   84 -7.9787E-01 -7.9868E-01 -1.2121E-02  8.5259E-03 -7.9862E-01  5.2051E-04
   85 -7.9377E-01 -7.9248E-01 -9.6412E-03  5.1753E-03 -7.9348E-01 -4.2772E-04
   86 -7.7986E-01 -7.8041E-01 -8.3677E-03  5.5082E-03 -7.8043E-01  3.6918E-04
   87 -7.5935E-01 -7.5905E-01 -7.5651E-03  4.6461E-03 -7.6035E-01  4.9888E-05
   88 -7.3052E-01 -7.3021E-01 -6.7472E-03  4.9275E-03 -7.3115E-01  1.5880E-04
   89 -6.9161E-01 -6.9130E-01 -5.1771E-03  3.5741E-03 -6.9279E-01 -1.5654E-04
   90 -6.4417E-01 -6.4419E-01 -3.6313E-03  3.1403E-03 -6.4530E-01  1.1203E-04
   91 -5.8937E-01 -5.8917E-01 -6.9967E-04  1.7634E-03 -5.9072E-01  3.1755E-05
   92 -5.2947E-01 -5.3051E-01  1.8784E-03  1.8714E-03 -5.3139E-01  5.8767E-04
   93 -4.6885E-01 -4.6852E-01  3.0339E-03  1.8249E-03 -4.7017E-01 -3.8309E-05
   94 -4.0767E-01 -4.0788E-01  3.7002E-03  1.8802E-03 -4.0909E-01  2.0249E-04
   95 -3.4857E-01 -3.4837E-01  4.7216E-03  1.7818E-03 -3.4978E-01 -3.0752E-05
   96 -2.9255E-01 -2.9306E-01  5.2538E-03  1.9825E-03 -2.9395E-01  2.4299E-04
   97 -2.4211E-01 -2.4201E-01  5.2382E-03  1.7615E-03 -2.4309E-01 -4.0730E-05
   98 -1.9671E-01 -1.9694E-01  5.0481E-03  1.5747E-03 -1.9775E-01  1.0959E-04
   99 -1.5734E-01 -1.5722E-01  4.7228E-03  1.4683E-03 -1.5806E-01 -6.7272E-05
  100 -1.2334E-01 -1.2344E-01  4.2633E-03  1.1998E-03 -1.2404E-01  3.9838E-05
  101 -9.5047E-02 -9.4988E-02  4.0065E-03  1.0550E-03 -9.5541E-02 -5.7248E-05
  102 -7.1814E-02 -7.1943E-02  3.5005E-03  9.6296E-04 -7.2301E-02  3.5872E-05
  103 -5.3527E-02 -5.3511E-02  2.9922E-03  8.0752E-04 -5.3841E-02 -2.9008E-05
  104 -3.9239E-02 -3.9171E-02  2.3762E-03  7.1980E-04 -3.9458E-02 -3.6928E-05
  105 -2.8276E-02 -2.8269E-02  1.8995E-03  5.9125E-04 -2.8452E-02 -9.1439E-06
  106 -1.9982E-02 -1.9976E-02  1.5012E-03  4.5390E-04 -2.0119E-02 -1.3806E-05
  107 -1.3833E-02 -1.3823E-02  1.1851E-03  3.3740E-04 -1.3926E-02 -1.2912E-05
  108 -9.3747E-03 -9.3388E-03  8.8822E-04  2.7615E-04 -9.4315E-03 -2.1113E-05
  109 -6.2088E-03 -6.1895E-03  6.4850E-04  1.9778E-04 -6.2455E-03 -1.2750E-05
  110 -4.0167E-03 -4.0054E-03  4.6691E-04  1.4128E-04 -4.0435E-03 -9.4705E-06
  111 -2.5320E-03 -2.5194E-03  3.3360E-04  9.2923E-05 -2.5482E-03 -8.3088E-06
  112 -1.5507E-03 -1.5403E-03  2.2921E-04  5.7951E-05 -1.5586E-03 -5.8409E-06
  113 -9.1955E-04 -9.1224E-04  1.5194E-04  3.7920E-05 -9.2514E-04 -4.4206E-06
  114 -5.2890E-04 -5.2317E-04  9.8713E-05  2.1036E-05 -5.3145E-04 -3.6386E-06
  115 -2.9089E-04 -2.8989E-04  6.5837E-05  1.2263E-05 -2.9322E-04 -1.2785E-06
  116 -1.5734E-04 -1.5325E-04  3.8832E-05  6.8383E-06 -1.5730E-04 -2.2790E-06
  117 -8.2061E-05 -7.9591E-05  2.2770E-05  5.1559E-06 -8.1700E-05 -1.2025E-06
  118 -4.0846E-05 -4.0064E-05  1.3461E-05  2.4508E-06 -4.0916E-05 -2.8847E-07
  119 -1.9613E-05 -1.9461E-05  7.7688E-06  1.3736E-06 -1.9768E-05 -8.7935E-08
  120 -1.0347E-05 -9.4581E-06  3.9374E-06  1.1525E-06 -9.9818E-06 -5.2560E-07
  121 -6.2517E-06 -6.2199E-06  1.2609E-06  7.6022E-07 -6.2787E-06 -1.2366E-07
  122 -4.6508E-06 -4.3795E-06  3.9910E-07  4.6323E-07 -4.5412E-06 -2.4507E-07
  123 -2.8974E-06 -3.0714E-06  3.3292E-07  1.4948E-07 -2.9967E-06  8.2795E-08
  124 -1.5897E-06 -1.5236E-06  3.6054E-07  9.5557E-08 -1.6336E-06  9.9750E-09
  125 -7.4954E-07 -6.4309E-07  1.5122E-07  7.3972E-08 -6.8105E-07 -4.2100E-08
  126 -1.7763E-07 -2.1809E-07  1.1006E-07  9.5016E-09 -1.7139E-07  2.3844E-08
  127  5.1135E-08  4.3832E-08  1.0568E-07  1.3930E-08  3.6888E-08  6.4275E-09
  128  6.0749E-08  8.3563E-08  3.2242E-08  1.1685E-08  6.7693E-08 -1.0251E-08
  129  1.6666E-08  2.8103E-08 -1.5585E-08  6.7789E-09  2.2423E-08 -8.1983E-09
  130 -1.6956E-08 -2.5208E-08 -1.5428E-08  1.7414E-08 -2.0434E-08  8.3791E-11
  131 -3.7969E-08 -3.7988E-08 -8.3397E-09  1.2937E-08 -3.7056E-08 -2.0615E-09
  132 -2.8697E-08 -3.2066E-08 -3.3502E-09  5.4446E-09 -3.1829E-08  2.5546E-09
  133 -1.9563E-08 -1.6469E-08  6.0361E-10  6.7840E-10 -1.8001E-08 -7.2788E-10
  134 -6.6482E-09 -7.2433E-09  2.4020E-09  6.6609E-10 -6.3501E-09  6.7243E-10
  135  1.3088E-09 -6.1061E-11  3.0736E-09  1.8134E-11  4.2780E-10  9.0016E-10
  136  2.5293E-09  3.8187E-09  8.6085E-10  3.6093E-10  2.9617E-09 -6.6305E-10
  137  2.2894E-09  2.3551E-09 -6.5859E-11  3.1239E-10  2.4481E-09 -1.8272E-10
  138  1.0576E-09  4.8449E-10 -7.0577E-11  3.2356E-10  8.5220E-10  1.8114E-10
  139 -3.9118E-10 -8.9788E-11 -4.4532E-10  6.0230E-11 -3.0500E-10 -1.7516E-10
  140 -4.7586E-10 -4.6694E-10 -1.1241E-10  4.0648E-11 -5.0611E-10  9.3273E-12
  141 -2.5085E-10 -3.2558E-10 -4.3299E-11  1.0725E-10 -2.6120E-10  6.3885E-11
  142 -2.0182E-10 -1.6561E-10  6.6543E-11  2.0893E-11 -1.8843E-10 -1.5776E-11
  143 -7.4136E-11 -8.6286E-11  1.9393E-11  3.8736E-11 -8.0590E-11  7.2678E-12
  144 -4.6736E-11 -3.2601E-11  3.2438E-11 -1.7848E-11 -3.7588E-11 -6.3496E-12
  145 -4.6511E-12 -1.7194E-12 -3.4156E-11 -3.4940E-12 -1.2219E-12 -2.4687E-12
  146 -2.2414E-11 -2.8840E-11 -4.4533E-11  5.3179E-14 -2.3315E-11  2.4524E-12
  147  1.8621E-12  4.2602E-12 -3.3809E-12  1.3347E-11  3.1435E-12 -1.1682E-12
  148 -7.4291E-12 -1.7792E-11 -1.4769E-11  1.5734E-11 -1.3052E-11  3.5216E-12
  149  8.5868E-13 -7.7994E-13  3.3365E-12  4.1238E-12  2.2765E-13  8.5683E-13
  150 -2.3114E-12 -1.3282E-12 -4.9573E-13  4.3733E-12 -1.8385E-12 -4.2350E-13
  151  4.4637E-14  6.9748E-13  1.4797E-12  3.8281E-13  2.7093E-13 -2.8586E-13
  152  7.2196E-13  7.8699E-13 -6.5784E-14  1.2313E-12  6.0543E-13  8.3513E-15
  153  6.8751E-14  1.5893E-13  7.3508E-14  1.7693E-13  9.4170E-14 -4.4534E-14
  154 -2.3433E-14  2.0977E-14  4.0778E-13 -6.6502E-14  5.9619E-14 -1.5181E-14
  155 -3.5916E-14 -4.7288E-14  1.7357E-14  2.3032E-14 -3.2456E-14  3.8421E-15
  156 -8.6128E-14 -4.8807E-14  1.8194E-13  9.5241E-14 -5.6810E-14 -1.4614E-14
  157 -8.4690E-15 -1.7048E-14 -2.6024E-15  4.6675E-15 -1.2591E-14  3.5950E-15
  158 -2.7858E-14 -9.9888E-15 -2.3654E-14 -5.8351E-15 -2.2532E-14 -1.0194E-14
  159  1.4097E-15  2.6148E-15  3.9666E-16  4.8284E-16  1.7096E-15 -5.4296E-16
  160  4.5602E-15 -8.6107E-16 -9.6581E-15 -4.5879E-15  2.2885E-15  3.0588E-15
