****************************************************
****************************************************
 mstm calculation results
 date, time:
20250505 231739.469 
 input file:
lk1.inp
****************************************************
 input variables for run     1
 sphere data input file:
23170_bpca.pos
 number spheres
23170
 length, ref index scale factors
  1.0000000E+00  1.6750000E+00  2.1200000E-02
 volume cluster radius, area mean sphere radius, circumscribing radius, cross section radius
  2.8508465E+01  1.0000000E+00  9.7529149E+01  2.8508465E+01
 incident plane wave
 Monte Carlo average over incident directions
 t matrix order:
    80
 layer 0 refractive index
  1.0000E+00  0.0000E+00
 number of plane boundaries 
  0
 max_iterations,solution_epsilon, mie_epsilon
       100  1.0000E-07  1.0000E-06
 maximum Mie order, number of equations:
   4   1112160
 mean sphere Mie extinction, absorption efficiencies
  4.4073E-01  6.1492E-02
 fft translation option implemented
 cell width, cell volume fraction, cell dimension:
      60      60      64  5.0000E-01  2.0280E+00
 number of neighbor nodes, node order:
   26    4
****************************************************
 calculation results for run 
           1
 incidence averages collected: sample:
   75
 number iterations, error, solution time 
   101  3.3248E-05  4.3690E+04
 total extinction, absorption, scattering efficiencies (unpolarized incidence)
  9.6331E+00  1.5618E+00  8.0713E+00
  down and up hemispherical scattering efficiencies (unpol, par, perp) 
  1.1547E+00  6.8515E+00  1.1551E+00  6.8570E+00  1.1543E+00  6.8459E+00
 azimuthal averaged scattering matrix
 number directions, number SM elements:
   181     6
   theta     11          12          22          33          34          44     
    0.00  2.3891E+07 -2.7664E-08  9.9994E-01  9.9994E-01 -1.8995E-07  9.9991E-01
    1.00  1.7463E+07 -4.2465E-05  9.9993E-01  9.9993E-01 -3.1089E-04  9.9989E-01
    2.00  6.1308E+06 -1.9741E-04  9.9981E-01  9.9981E-01 -1.6142E-03  9.9972E-01
    3.00  5.9928E+05 -1.6318E-03  9.9820E-01  9.9821E-01 -6.9639E-03  9.9737E-01
    4.00  2.7386E+05 -4.1911E-03  9.9611E-01  9.9614E-01  3.5174E-03  9.9429E-01
    5.00  3.8057E+05 -2.3646E-03  9.9724E-01  9.9719E-01  6.8240E-04  9.9589E-01
    6.00  1.1354E+05 -7.0713E-03  9.9096E-01  9.9061E-01 -3.0218E-03  9.8646E-01
    7.00  8.8852E+04 -1.6364E-02  9.8868E-01  9.8819E-01  5.2335E-03  9.8304E-01
    8.00  1.0491E+05 -1.5750E-02  9.9036E-01  9.9016E-01  6.8540E-03  9.8580E-01
    9.00  6.4207E+04 -2.0871E-02  9.8381E-01  9.8407E-01  9.1987E-03  9.7677E-01
   10.00  5.0965E+04 -2.3546E-02  9.7938E-01  9.7958E-01  1.2486E-02  9.7029E-01
   11.00  4.9476E+04 -2.3651E-02  9.7915E-01  9.7848E-01  1.7171E-02  9.6929E-01
   12.00  4.1749E+04 -2.5242E-02  9.7560E-01  9.7499E-01  1.8443E-02  9.6451E-01
   13.00  3.2058E+04 -2.9527E-02  9.6782E-01  9.6828E-01  1.5732E-02  9.5437E-01
   14.00  2.7949E+04 -3.4216E-02  9.6248E-01  9.6294E-01  2.1804E-02  9.4647E-01
   15.00  2.6245E+04 -3.3304E-02  9.5987E-01  9.5957E-01  2.6707E-02  9.4222E-01
   16.00  2.1968E+04 -3.2832E-02  9.5200E-01  9.5148E-01  2.3236E-02  9.3137E-01
   17.00  1.9671E+04 -3.5202E-02  9.4595E-01  9.4568E-01  2.1170E-02  9.2314E-01
   18.00  1.8387E+04 -3.3177E-02  9.4182E-01  9.4239E-01  1.8132E-02  9.1787E-01
   19.00  1.6592E+04 -3.3483E-02  9.3607E-01  9.3680E-01  1.3132E-02  9.1059E-01
   20.00  1.5518E+04 -4.1527E-02  9.3250E-01  9.3142E-01  1.6504E-02  9.0540E-01
   21.00  1.4199E+04 -4.4706E-02  9.2597E-01  9.2354E-01  2.1570E-02  8.9585E-01
   22.00  1.3270E+04 -4.2878E-02  9.1983E-01  9.1844E-01  2.1095E-02  8.8818E-01
   23.00  1.2628E+04 -4.5713E-02  9.1588E-01  9.1524E-01  1.8055E-02  8.8387E-01
   24.00  1.1380E+04 -5.2124E-02  9.0709E-01  9.0505E-01  1.5308E-02  8.7136E-01
   25.00  1.0542E+04 -5.6176E-02  8.9807E-01  8.9557E-01  1.6491E-02  8.5854E-01
   26.00  1.0066E+04 -5.6279E-02  8.9104E-01  8.9095E-01  1.9683E-02  8.5078E-01
   27.00  9.5133E+03 -5.8353E-02  8.8418E-01  8.8587E-01  1.9173E-02  8.4329E-01
   28.00  9.2015E+03 -6.6258E-02  8.8018E-01  8.8078E-01  1.6163E-02  8.3743E-01
   29.00  8.8164E+03 -7.4613E-02  8.7452E-01  8.7277E-01  1.3589E-02  8.2832E-01
   30.00  8.2784E+03 -7.9023E-02  8.6648E-01  8.6187E-01  1.3543E-02  8.1605E-01
   31.00  7.8196E+03 -7.8844E-02  8.5873E-01  8.5187E-01  1.5026E-02  8.0569E-01
   32.00  7.4056E+03 -8.0003E-02  8.5006E-01  8.4365E-01  1.1348E-02  7.9653E-01
   33.00  7.1175E+03 -9.2129E-02  8.4323E-01  8.3769E-01  7.1985E-03  7.8900E-01
   34.00  6.8520E+03 -1.0487E-01  8.3691E-01  8.2878E-01  9.6125E-03  7.7949E-01
   35.00  6.5432E+03 -1.0601E-01  8.2859E-01  8.1706E-01  8.3520E-03  7.6788E-01
   36.00  6.3445E+03 -1.0819E-01  8.2257E-01  8.1091E-01  1.0361E-03  7.6117E-01
   37.00  6.1409E+03 -1.2043E-01  8.1690E-01  8.0720E-01  1.3183E-03  7.5541E-01
   38.00  5.9096E+03 -1.3185E-01  8.0968E-01  8.0186E-01  7.3987E-03  7.4798E-01
   39.00  5.7799E+03 -1.3737E-01  8.0433E-01  7.9631E-01  6.7450E-03  7.4234E-01
   40.00  5.6485E+03 -1.4273E-01  7.9840E-01  7.8689E-01  1.5193E-03  7.3360E-01
   41.00  5.4630E+03 -1.4859E-01  7.8971E-01  7.7409E-01 -1.0342E-03  7.2005E-01
   42.00  5.3140E+03 -1.5373E-01  7.8192E-01  7.6534E-01 -4.5828E-03  7.0962E-01
   43.00  5.2267E+03 -1.6020E-01  7.7763E-01  7.6129E-01 -9.4587E-03  7.0490E-01
   44.00  5.1524E+03 -1.6719E-01  7.7386E-01  7.5498E-01 -1.0063E-02  6.9870E-01
   45.00  5.0546E+03 -1.7267E-01  7.6734E-01  7.4543E-01 -1.1278E-02  6.8874E-01
   46.00  4.9331E+03 -1.7987E-01  7.5973E-01  7.3632E-01 -1.4433E-02  6.7898E-01
   47.00  4.7844E+03 -1.9180E-01  7.5304E-01  7.2541E-01 -1.6271E-02  6.6868E-01
   48.00  4.6717E+03 -2.0563E-01  7.4766E-01  7.1321E-01 -1.8697E-02  6.5921E-01
   49.00  4.6389E+03 -2.1434E-01  7.4341E-01  7.0604E-01 -1.8947E-02  6.5466E-01
   50.00  4.5745E+03 -2.1924E-01  7.3870E-01  6.9980E-01 -1.6804E-02  6.4897E-01
   51.00  4.4381E+03 -2.2731E-01  7.3361E-01  6.8756E-01 -1.7177E-02  6.3755E-01
   52.00  4.3268E+03 -2.3758E-01  7.2787E-01  6.7392E-01 -1.9734E-02  6.2566E-01
   53.00  4.2501E+03 -2.4859E-01  7.1958E-01  6.6322E-01 -2.1240E-02  6.1513E-01
   54.00  4.1642E+03 -2.5767E-01  7.1156E-01  6.5264E-01 -2.0171E-02  6.0471E-01
   55.00  4.0720E+03 -2.6194E-01  7.0510E-01  6.4056E-01 -1.9862E-02  5.9475E-01
   56.00  3.9861E+03 -2.6756E-01  6.9652E-01  6.2725E-01 -2.2942E-02  5.8311E-01
   57.00  3.9239E+03 -2.7679E-01  6.8881E-01  6.1506E-01 -2.2418E-02  5.7073E-01
   58.00  3.8741E+03 -2.8483E-01  6.8481E-01  6.0554E-01 -1.8976E-02  5.5922E-01
   59.00  3.8212E+03 -2.9330E-01  6.8009E-01  5.9528E-01 -2.1308E-02  5.4703E-01
   60.00  3.7807E+03 -3.0330E-01  6.7297E-01  5.8174E-01 -2.5989E-02  5.3585E-01
   61.00  3.7376E+03 -3.1093E-01  6.6418E-01  5.6680E-01 -2.4942E-02  5.2586E-01
   62.00  3.6798E+03 -3.1659E-01  6.5573E-01  5.5375E-01 -1.9050E-02  5.1424E-01
   63.00  3.6174E+03 -3.2315E-01  6.5006E-01  5.4241E-01 -1.6630E-02  5.0077E-01
   64.00  3.5471E+03 -3.3307E-01  6.4572E-01  5.2880E-01 -2.0614E-02  4.8680E-01
   65.00  3.4862E+03 -3.4499E-01  6.4233E-01  5.1335E-01 -2.4024E-02  4.7478E-01
   66.00  3.4481E+03 -3.5551E-01  6.3949E-01  4.9899E-01 -2.3525E-02  4.6386E-01
   67.00  3.4145E+03 -3.6512E-01  6.3395E-01  4.8433E-01 -2.4629E-02  4.4986E-01
   68.00  3.3674E+03 -3.7375E-01  6.2497E-01  4.6783E-01 -2.8289E-02  4.3326E-01
   69.00  3.3020E+03 -3.7926E-01  6.1512E-01  4.5034E-01 -3.0847E-02  4.1712E-01
   70.00  3.2417E+03 -3.8279E-01  6.0831E-01  4.3378E-01 -3.3110E-02  4.0349E-01
   71.00  3.2179E+03 -3.8949E-01  6.0641E-01  4.2136E-01 -3.5894E-02  3.9405E-01
   72.00  3.2171E+03 -4.0223E-01  6.0614E-01  4.1153E-01 -3.7458E-02  3.8676E-01
   73.00  3.2054E+03 -4.1561E-01  6.0481E-01  3.9762E-01 -3.6840E-02  3.7706E-01
   74.00  3.1750E+03 -4.2323E-01  6.0175E-01  3.7864E-01 -3.5715E-02  3.6268E-01
   75.00  3.1320E+03 -4.2597E-01  5.9494E-01  3.5973E-01 -3.4934E-02  3.4588E-01
   76.00  3.0906E+03 -4.2683E-01  5.8681E-01  3.4317E-01 -3.4382E-02  3.3134E-01
   77.00  3.0603E+03 -4.3141E-01  5.8157E-01  3.2527E-01 -3.5168E-02  3.1691E-01
   78.00  3.0333E+03 -4.3981E-01  5.7699E-01  3.0312E-01 -3.6572E-02  2.9715E-01
   79.00  3.0093E+03 -4.4373E-01  5.7045E-01  2.8051E-01 -3.7442E-02  2.7582E-01
   80.00  2.9927E+03 -4.4366E-01  5.6378E-01  2.6425E-01 -3.8494E-02  2.6058E-01
   81.00  2.9701E+03 -4.4378E-01  5.5814E-01  2.5517E-01 -4.0098E-02  2.5149E-01
   82.00  2.9329E+03 -4.4456E-01  5.5286E-01  2.4457E-01 -4.1530E-02  2.4059E-01
   83.00  2.8947E+03 -4.4699E-01  5.4751E-01  2.2626E-01 -4.1508E-02  2.2332E-01
   84.00  2.8656E+03 -4.5066E-01  5.4230E-01  2.0562E-01 -4.0530E-02  2.0597E-01
   85.00  2.8484E+03 -4.5497E-01  5.3915E-01  1.8753E-01 -4.1395E-02  1.9393E-01
   86.00  2.8398E+03 -4.6107E-01  5.3852E-01  1.6831E-01 -4.2583E-02  1.8215E-01
   87.00  2.8230E+03 -4.6656E-01  5.3778E-01  1.4588E-01 -4.1348E-02  1.6492E-01
   88.00  2.7943E+03 -4.6738E-01  5.3552E-01  1.2435E-01 -3.8593E-02  1.4450E-01
   89.00  2.7692E+03 -4.6314E-01  5.3151E-01  1.0619E-01 -3.6429E-02  1.2587E-01
   90.00  2.7537E+03 -4.5820E-01  5.2673E-01  9.0911E-02 -3.7166E-02  1.1190E-01
   91.00  2.7428E+03 -4.5801E-01  5.2327E-01  7.8384E-02 -3.9752E-02  1.0265E-01
   92.00  2.7354E+03 -4.5995E-01  5.2046E-01  6.5095E-02 -3.9773E-02  9.2912E-02
   93.00  2.7353E+03 -4.5974E-01  5.1828E-01  4.6561E-02 -3.5141E-02  7.7169E-02
   94.00  2.7384E+03 -4.5895E-01  5.1846E-01  2.5299E-02 -2.9583E-02  5.7912E-02
   95.00  2.7321E+03 -4.5728E-01  5.1773E-01  6.4570E-03 -2.9173E-02  4.1098E-02
   96.00  2.7172E+03 -4.5425E-01  5.1356E-01 -1.2091E-02 -3.6648E-02  2.6887E-02
   97.00  2.7120E+03 -4.5432E-01  5.1120E-01 -3.4106E-02 -4.6142E-02  1.1960E-02
   98.00  2.7228E+03 -4.5586E-01  5.1389E-01 -5.5203E-02 -4.8471E-02 -3.6332E-03
   99.00  2.7289E+03 -4.5178E-01  5.1558E-01 -7.4095E-02 -4.4387E-02 -1.9678E-02
  100.00  2.7246E+03 -4.4426E-01  5.1273E-01 -9.3363E-02 -4.1583E-02 -3.3965E-02
  101.00  2.7247E+03 -4.4199E-01  5.1051E-01 -1.1090E-01 -4.1651E-02 -4.4137E-02
  102.00  2.7203E+03 -4.4402E-01  5.1157E-01 -1.2826E-01 -4.0940E-02 -5.7010E-02
  103.00  2.7053E+03 -4.4057E-01  5.1314E-01 -1.4746E-01 -4.0430E-02 -7.6302E-02
  104.00  2.6968E+03 -4.3268E-01  5.1280E-01 -1.6376E-01 -4.3066E-02 -9.3699E-02
  105.00  2.6977E+03 -4.2573E-01  5.1067E-01 -1.7466E-01 -4.6034E-02 -1.0355E-01
  106.00  2.6948E+03 -4.1862E-01  5.0962E-01 -1.8673E-01 -4.6002E-02 -1.1309E-01
  107.00  2.6863E+03 -4.1107E-01  5.1240E-01 -2.0522E-01 -4.6399E-02 -1.2947E-01
  108.00  2.6828E+03 -4.0390E-01  5.1678E-01 -2.2542E-01 -4.6918E-02 -1.4744E-01
  109.00  2.6877E+03 -3.9933E-01  5.1844E-01 -2.4227E-01 -4.2724E-02 -1.6058E-01
  110.00  2.6951E+03 -3.9560E-01  5.1847E-01 -2.5616E-01 -3.4254E-02 -1.7118E-01
  111.00  2.7023E+03 -3.8866E-01  5.1993E-01 -2.6779E-01 -2.8994E-02 -1.8166E-01
  112.00  2.7106E+03 -3.8052E-01  5.2164E-01 -2.7922E-01 -3.3325E-02 -1.9158E-01
  113.00  2.7231E+03 -3.7192E-01  5.2142E-01 -2.9395E-01 -3.9579E-02 -2.0179E-01
  114.00  2.7398E+03 -3.6377E-01  5.2156E-01 -3.1035E-01 -4.1286E-02 -2.1202E-01
  115.00  2.7501E+03 -3.5736E-01  5.2447E-01 -3.2414E-01 -4.0558E-02 -2.2087E-01
  116.00  2.7519E+03 -3.4808E-01  5.2783E-01 -3.3448E-01 -3.8539E-02 -2.2854E-01
  117.00  2.7619E+03 -3.3840E-01  5.2814E-01 -3.4470E-01 -3.7123E-02 -2.3764E-01
  118.00  2.7794E+03 -3.3289E-01  5.2508E-01 -3.5692E-01 -3.7088E-02 -2.4865E-01
  119.00  2.7852E+03 -3.2720E-01  5.2217E-01 -3.6937E-01 -3.6246E-02 -2.5775E-01
  120.00  2.7837E+03 -3.1998E-01  5.2324E-01 -3.8075E-01 -3.3818E-02 -2.6380E-01
  121.00  2.7872E+03 -3.1141E-01  5.2869E-01 -3.9084E-01 -3.4418E-02 -2.7129E-01
  122.00  2.7884E+03 -3.0102E-01  5.3489E-01 -3.9922E-01 -3.9699E-02 -2.8167E-01
  123.00  2.7902E+03 -2.9024E-01  5.3853E-01 -4.0920E-01 -4.3783E-02 -2.9283E-01
  124.00  2.8104E+03 -2.7945E-01  5.4216E-01 -4.2539E-01 -4.1128E-02 -3.0763E-01
  125.00  2.8386E+03 -2.7079E-01  5.4821E-01 -4.4021E-01 -3.4457E-02 -3.2199E-01
  126.00  2.8411E+03 -2.6426E-01  5.5154E-01 -4.4611E-01 -3.0976E-02 -3.2693E-01
  127.00  2.8364E+03 -2.5625E-01  5.5048E-01 -4.4922E-01 -3.0817E-02 -3.2622E-01
  128.00  2.8629E+03 -2.4707E-01  5.5175E-01 -4.5606E-01 -2.8881E-02 -3.2890E-01
  129.00  2.8991E+03 -2.3694E-01  5.5731E-01 -4.6664E-01 -2.8371E-02 -3.3644E-01
  130.00  2.9270E+03 -2.2878E-01  5.6390E-01 -4.7917E-01 -3.2607E-02 -3.4751E-01
  131.00  2.9586E+03 -2.2572E-01  5.6810E-01 -4.9157E-01 -3.4213E-02 -3.5953E-01
  132.00  2.9779E+03 -2.1842E-01  5.6672E-01 -5.0059E-01 -3.3303E-02 -3.6594E-01
  133.00  2.9768E+03 -2.0286E-01  5.6331E-01 -5.0621E-01 -3.3272E-02 -3.6833E-01
  134.00  2.9814E+03 -1.8760E-01  5.6455E-01 -5.0926E-01 -2.9762E-02 -3.7170E-01
  135.00  2.9960E+03 -1.7776E-01  5.6929E-01 -5.1146E-01 -2.6648E-02 -3.7441E-01
  136.00  3.0129E+03 -1.7455E-01  5.7438E-01 -5.1669E-01 -3.2833E-02 -3.7764E-01
  137.00  3.0294E+03 -1.7328E-01  5.7865E-01 -5.2524E-01 -3.9135E-02 -3.8438E-01
  138.00  3.0320E+03 -1.6649E-01  5.7973E-01 -5.3412E-01 -3.6172E-02 -3.9121E-01
  139.00  3.0326E+03 -1.5681E-01  5.8112E-01 -5.4079E-01 -3.4152E-02 -3.9521E-01
  140.00  3.0483E+03 -1.4882E-01  5.8694E-01 -5.4528E-01 -3.5004E-02 -4.0019E-01
  141.00  3.0611E+03 -1.4177E-01  5.9113E-01 -5.4920E-01 -3.4411E-02 -4.0604E-01
  142.00  3.0723E+03 -1.3134E-01  5.9037E-01 -5.5424E-01 -3.2527E-02 -4.0908E-01
  143.00  3.1088E+03 -1.1909E-01  5.9189E-01 -5.5959E-01 -2.9766E-02 -4.1137E-01
  144.00  3.1567E+03 -1.1382E-01  5.9865E-01 -5.6614E-01 -2.7347E-02 -4.1813E-01
  145.00  3.1964E+03 -1.1233E-01  6.0676E-01 -5.7360E-01 -2.0865E-02 -4.2704E-01
  146.00  3.2395E+03 -1.0783E-01  6.1405E-01 -5.8093E-01 -1.6906E-02 -4.3497E-01
  147.00  3.2840E+03 -1.0293E-01  6.2041E-01 -5.9024E-01 -2.1810E-02 -4.4358E-01
  148.00  3.3186E+03 -1.0153E-01  6.2535E-01 -5.9551E-01 -2.4083E-02 -4.4683E-01
  149.00  3.3462E+03 -9.6881E-02  6.2606E-01 -5.9631E-01 -2.4575E-02 -4.4402E-01
  150.00  3.3649E+03 -8.8276E-02  6.2149E-01 -5.9977E-01 -3.1712E-02 -4.4115E-01
  151.00  3.3616E+03 -8.2821E-02  6.1689E-01 -6.0060E-01 -3.7947E-02 -4.3572E-01
  152.00  3.3605E+03 -7.4985E-02  6.1823E-01 -5.9805E-01 -3.5970E-02 -4.3270E-01
  153.00  3.4054E+03 -6.3023E-02  6.2534E-01 -6.0596E-01 -3.0040E-02 -4.4531E-01
  154.00  3.4769E+03 -4.8467E-02  6.3244E-01 -6.2010E-01 -2.5965E-02 -4.6183E-01
  155.00  3.4947E+03 -3.5842E-02  6.3198E-01 -6.2334E-01 -2.2061E-02 -4.6038E-01
  156.00  3.4320E+03 -3.2006E-02  6.2397E-01 -6.1491E-01 -1.8309E-02 -4.4490E-01
  157.00  3.3846E+03 -3.9407E-02  6.2202E-01 -6.0624E-01 -1.7433E-02 -4.3573E-01
  158.00  3.4124E+03 -4.7193E-02  6.3266E-01 -6.0930E-01 -1.7344E-02 -4.4404E-01
  159.00  3.4756E+03 -3.7683E-02  6.4594E-01 -6.1750E-01 -1.4830E-02 -4.5619E-01
  160.00  3.5716E+03 -1.8467E-02  6.5525E-01 -6.2142E-01 -7.2992E-03 -4.6174E-01
  161.00  3.6821E+03 -3.9668E-03  6.6075E-01 -6.2573E-01 -6.0927E-03 -4.6793E-01
  162.00  3.7334E+03 -2.2395E-03  6.6217E-01 -6.3063E-01 -1.6959E-02 -4.7431E-01
  163.00  3.7433E+03 -1.0865E-02  6.5947E-01 -6.3774E-01 -2.5588E-02 -4.7795E-01
  164.00  3.7721E+03 -1.4601E-02  6.5750E-01 -6.5036E-01 -2.5674E-02 -4.8341E-01
  165.00  3.8032E+03 -4.6366E-03  6.6082E-01 -6.5737E-01 -2.0818E-02 -4.8743E-01
  166.00  3.8285E+03  1.0541E-02  6.6623E-01 -6.5056E-01 -1.6842E-02 -4.8170E-01
  167.00  3.8929E+03  1.9432E-02  6.7102E-01 -6.4517E-01 -1.6889E-02 -4.7594E-01
  168.00  4.0162E+03  1.9894E-02  6.8046E-01 -6.5356E-01 -1.5878E-02 -4.8614E-01
  169.00  4.1199E+03  2.0280E-02  6.9267E-01 -6.6295E-01 -1.4423E-02 -5.0193E-01
  170.00  4.1333E+03  2.7856E-02  6.9728E-01 -6.6292E-01 -1.4614E-02 -5.0449E-01
  171.00  4.1912E+03  2.2926E-02  6.9774E-01 -6.6985E-01 -1.5314E-02 -5.0777E-01
  172.00  4.4379E+03  2.2024E-02  7.0330E-01 -6.9032E-01 -1.5594E-02 -5.2260E-01
  173.00  4.6621E+03  4.0123E-02  7.0537E-01 -6.9897E-01 -1.0131E-02 -5.2247E-01
  174.00  4.6499E+03  5.3887E-02  6.9812E-01 -6.9006E-01 -1.4670E-02 -5.0227E-01
  175.00  4.6583E+03  6.3569E-02  6.9424E-01 -6.8073E-01 -3.4831E-02 -4.8334E-01
  176.00  4.8607E+03  6.2905E-02  7.0131E-01 -6.8585E-01 -3.5976E-02 -4.8013E-01
  177.00  5.0195E+03  5.5084E-02  7.0159E-01 -6.9386E-01 -1.6816E-02 -4.6671E-01
  178.00  5.0733E+03  3.8531E-02  6.8245E-01 -6.8163E-01  1.4400E-03 -4.0781E-01
  179.00  5.1449E+03  1.2043E-02  6.5996E-01 -6.6003E-01  4.4494E-03 -3.3599E-01
  180.00  5.1916E+03  3.0857E-13  6.5175E-01 -6.5175E-01  1.6881E-13 -3.0743E-01
 diffuse scattering matrix 
   theta     11          12          22          33          34          44     
    0.00  6.7489E+04  8.7103E-07  9.7974E-01  9.7974E-01  8.6582E-06  9.6819E-01
    1.00  1.6390E+05  8.3286E-04  9.9216E-01  9.9217E-01  3.5753E-03  9.8794E-01
    2.00  2.0707E+05  3.1362E-03  9.9450E-01  9.9453E-01  1.7414E-03  9.9188E-01
    3.00  1.1835E+05  5.1409E-03  9.9104E-01  9.9116E-01 -5.8098E-03  9.8704E-01
    4.00  1.1566E+05 -4.5570E-03  9.9099E-01  9.9105E-01 -1.1598E-03  9.8683E-01
    5.00  1.1615E+05 -9.2416E-03  9.9112E-01  9.9099E-01  5.9409E-03  9.8685E-01
    6.00  6.7508E+04 -9.7137E-03  9.8500E-01  9.8458E-01  6.0765E-03  9.7773E-01
    7.00  6.1814E+04 -1.1490E-02  9.8395E-01  9.8339E-01  3.8901E-03  9.7615E-01
    8.00  6.2668E+04 -1.7911E-02  9.8416E-01  9.8379E-01  1.0228E-02  9.7670E-01
    9.00  4.8591E+04 -2.1298E-02  9.7904E-01  9.7939E-01  1.5368E-02  9.7003E-01
   10.00  4.2653E+04 -1.9084E-02  9.7586E-01  9.7634E-01  1.1274E-02  9.6552E-01
   11.00  3.8566E+04 -2.3102E-02  9.7377E-01  9.7305E-01  1.5446E-02  9.6152E-01
   12.00  3.4463E+04 -2.6027E-02  9.7092E-01  9.7017E-01  2.1523E-02  9.5765E-01
   13.00  2.8946E+04 -2.5616E-02  9.6487E-01  9.6563E-01  1.7031E-02  9.5036E-01
   14.00  2.4970E+04 -3.0762E-02  9.5864E-01  9.5952E-01  1.9791E-02  9.4134E-01
   15.00  2.3408E+04 -3.3245E-02  9.5570E-01  9.5544E-01  2.7630E-02  9.3638E-01
   16.00  2.0465E+04 -3.1358E-02  9.4922E-01  9.4869E-01  2.5127E-02  9.2755E-01
   17.00  1.8490E+04 -3.3246E-02  9.4329E-01  9.4317E-01  2.0867E-02  9.1959E-01
   18.00  1.7110E+04 -3.3127E-02  9.3841E-01  9.3909E-01  1.7556E-02  9.1318E-01
   19.00  1.5764E+04 -3.3084E-02  9.3381E-01  9.3447E-01  1.3892E-02  9.0744E-01
   20.00  1.4908E+04 -4.0411E-02  9.3080E-01  9.2955E-01  1.7885E-02  9.0301E-01
   21.00  1.3710E+04 -4.3665E-02  9.2431E-01  9.2185E-01  2.2344E-02  8.9354E-01
   22.00  1.2955E+04 -4.1932E-02  9.1895E-01  9.1770E-01  2.1319E-02  8.8694E-01
   23.00  1.2287E+04 -4.5184E-02  9.1490E-01  9.1432E-01  1.8677E-02  8.8240E-01
   24.00  1.1100E+04 -5.1582E-02  9.0634E-01  9.0423E-01  1.6167E-02  8.7025E-01
   25.00  1.0324E+04 -5.5497E-02  8.9752E-01  8.9486E-01  1.7314E-02  8.5778E-01
   26.00  9.8686E+03 -5.5953E-02  8.9036E-01  8.9011E-01  1.9904E-02  8.4985E-01
   27.00  9.3367E+03 -5.8422E-02  8.8361E-01  8.8509E-01  1.9076E-02  8.4243E-01
   28.00  9.0285E+03 -6.5810E-02  8.7970E-01  8.7997E-01  1.6213E-02  8.3667E-01
   29.00  8.6595E+03 -7.3569E-02  8.7416E-01  8.7209E-01  1.3402E-02  8.2788E-01
   30.00  8.1313E+03 -7.8155E-02  8.6599E-01  8.6132E-01  1.3670E-02  8.1567E-01
   31.00  7.6950E+03 -7.8680E-02  8.5828E-01  8.5167E-01  1.5107E-02  8.0542E-01
   32.00  7.2825E+03 -8.0700E-02  8.4938E-01  8.4307E-01  1.1579E-02  7.9564E-01
   33.00  6.9959E+03 -9.2034E-02  8.4261E-01  8.3696E-01  8.1388E-03  7.8811E-01
   34.00  6.7405E+03 -1.0330E-01  8.3662E-01  8.2850E-01  9.8022E-03  7.7933E-01
   35.00  6.4367E+03 -1.0430E-01  8.2835E-01  8.1697E-01  7.9155E-03  7.6800E-01
   36.00  6.2456E+03 -1.0744E-01  8.2236E-01  8.1095E-01  5.2062E-04  7.6143E-01
   37.00  6.0419E+03 -1.2045E-01  8.1640E-01  8.0720E-01  3.1082E-04  7.5542E-01
   38.00  5.8257E+03 -1.3205E-01  8.0941E-01  8.0231E-01  6.6823E-03  7.4828E-01
   39.00  5.6960E+03 -1.3789E-01  8.0409E-01  7.9650E-01  6.6831E-03  7.4238E-01
   40.00  5.5590E+03 -1.4330E-01  7.9815E-01  7.8645E-01  1.3791E-03  7.3325E-01
   41.00  5.3918E+03 -1.4924E-01  7.9008E-01  7.7426E-01 -1.6898E-03  7.2053E-01
   42.00  5.2484E+03 -1.5456E-01  7.8219E-01  7.6582E-01 -5.0362E-03  7.1024E-01
   43.00  5.1610E+03 -1.6068E-01  7.7771E-01  7.6169E-01 -9.2778E-03  7.0536E-01
   44.00  5.0803E+03 -1.6747E-01  7.7371E-01  7.5495E-01 -9.6437E-03  6.9878E-01
   45.00  4.9704E+03 -1.7305E-01  7.6645E-01  7.4448E-01 -1.0570E-02  6.8783E-01
   46.00  4.8583E+03 -1.8046E-01  7.5898E-01  7.3554E-01 -1.3799E-02  6.7828E-01
   47.00  4.7154E+03 -1.9240E-01  7.5256E-01  7.2501E-01 -1.5581E-02  6.6825E-01
   48.00  4.5991E+03 -2.0562E-01  7.4697E-01  7.1268E-01 -1.7986E-02  6.5841E-01
   49.00  4.5730E+03 -2.1447E-01  7.4306E-01  7.0571E-01 -1.9042E-02  6.5409E-01
   50.00  4.5133E+03 -2.2003E-01  7.3853E-01  6.9931E-01 -1.6989E-02  6.4836E-01
   51.00  4.3796E+03 -2.2749E-01  7.3323E-01  6.8690E-01 -1.7047E-02  6.3686E-01
   52.00  4.2725E+03 -2.3721E-01  7.2751E-01  6.7353E-01 -1.9746E-02  6.2549E-01
   53.00  4.1976E+03 -2.4852E-01  7.1948E-01  6.6291E-01 -2.1165E-02  6.1514E-01
   54.00  4.1114E+03 -2.5782E-01  7.1157E-01  6.5233E-01 -2.0208E-02  6.0443E-01
   55.00  4.0165E+03 -2.6220E-01  7.0484E-01  6.4031E-01 -2.0362E-02  5.9425E-01
   56.00  3.9305E+03 -2.6823E-01  6.9613E-01  6.2704E-01 -2.3666E-02  5.8275E-01
   57.00  3.8664E+03 -2.7793E-01  6.8820E-01  6.1457E-01 -2.2850E-02  5.7019E-01
   58.00  3.8133E+03 -2.8537E-01  6.8367E-01  6.0495E-01 -1.8714E-02  5.5847E-01
   59.00  3.7631E+03 -2.9266E-01  6.7893E-01  5.9526E-01 -2.0741E-02  5.4685E-01
   60.00  3.7234E+03 -3.0276E-01  6.7206E-01  5.8171E-01 -2.5379E-02  5.3580E-01
   61.00  3.6793E+03 -3.1098E-01  6.6345E-01  5.6621E-01 -2.4289E-02  5.2534E-01
   62.00  3.6226E+03 -3.1626E-01  6.5494E-01  5.5269E-01 -1.8807E-02  5.1336E-01
   63.00  3.5594E+03 -3.2225E-01  6.4875E-01  5.4093E-01 -1.6779E-02  4.9933E-01
   64.00  3.4934E+03 -3.3171E-01  6.4453E-01  5.2783E-01 -2.1033E-02  4.8556E-01
   65.00  3.4386E+03 -3.4383E-01  6.4178E-01  5.1315E-01 -2.4580E-02  4.7436E-01
   66.00  3.4008E+03 -3.5511E-01  6.3906E-01  4.9882E-01 -2.3583E-02  4.6373E-01
   67.00  3.3676E+03 -3.6488E-01  6.3347E-01  4.8400E-01 -2.4065E-02  4.4964E-01
   68.00  3.3217E+03 -3.7354E-01  6.2450E-01  4.6719E-01 -2.7972E-02  4.3273E-01
   69.00  3.2564E+03 -3.7928E-01  6.1464E-01  4.4946E-01 -3.1411E-02  4.1645E-01
   70.00  3.1966E+03 -3.8291E-01  6.0793E-01  4.3297E-01 -3.4021E-02  4.0294E-01
   71.00  3.1741E+03 -3.8965E-01  6.0638E-01  4.2100E-01 -3.6433E-02  3.9372E-01
   72.00  3.1742E+03 -4.0236E-01  6.0659E-01  4.1154E-01 -3.7378E-02  3.8654E-01
   73.00  3.1634E+03 -4.1570E-01  6.0552E-01  3.9741E-01 -3.6412E-02  3.7667E-01
   74.00  3.1334E+03 -4.2325E-01  6.0214E-01  3.7817E-01 -3.5076E-02  3.6233E-01
   75.00  3.0891E+03 -4.2573E-01  5.9461E-01  3.5925E-01 -3.4160E-02  3.4561E-01
   76.00  3.0447E+03 -4.2676E-01  5.8585E-01  3.4224E-01 -3.4145E-02  3.3035E-01
   77.00  3.0147E+03 -4.3160E-01  5.8051E-01  3.2416E-01 -3.5347E-02  3.1562E-01
   78.00  2.9923E+03 -4.3950E-01  5.7639E-01  3.0313E-01 -3.6573E-02  2.9711E-01
   79.00  2.9693E+03 -4.4315E-01  5.6988E-01  2.8101E-01 -3.7266E-02  2.7632E-01
   80.00  2.9480E+03 -4.4290E-01  5.6242E-01  2.6366E-01 -3.8446E-02  2.6004E-01
   81.00  2.9222E+03 -4.4264E-01  5.5630E-01  2.5381E-01 -4.0668E-02  2.5032E-01
   82.00  2.8862E+03 -4.4365E-01  5.5160E-01  2.4356E-01 -4.2552E-02  2.3971E-01
   83.00  2.8515E+03 -4.4664E-01  5.4719E-01  2.2585E-01 -4.2400E-02  2.2281E-01
   84.00  2.8247E+03 -4.5070E-01  5.4228E-01  2.0529E-01 -4.1052E-02  2.0552E-01
   85.00  2.8081E+03 -4.5545E-01  5.3922E-01  1.8715E-01 -4.1379E-02  1.9347E-01
   86.00  2.7996E+03 -4.6182E-01  5.3895E-01  1.6789E-01 -4.2297E-02  1.8152E-01
   87.00  2.7829E+03 -4.6704E-01  5.3799E-01  1.4511E-01 -4.1343E-02  1.6393E-01
   88.00  2.7554E+03 -4.6730E-01  5.3504E-01  1.2387E-01 -3.8829E-02  1.4398E-01
   89.00  2.7313E+03 -4.6271E-01  5.3063E-01  1.0611E-01 -3.6449E-02  1.2596E-01
   90.00  2.7164E+03 -4.5789E-01  5.2594E-01  9.0131E-02 -3.6835E-02  1.1138E-01
   91.00  2.7078E+03 -4.5775E-01  5.2293E-01  7.7542E-02 -3.9265E-02  1.0178E-01
   92.00  2.7018E+03 -4.5966E-01  5.2033E-01  6.5008E-02 -3.9307E-02  9.2499E-02
   93.00  2.7012E+03 -4.5981E-01  5.1820E-01  4.6338E-02 -3.4908E-02  7.6875E-02
   94.00  2.7046E+03 -4.5931E-01  5.1874E-01  2.4722E-02 -2.9836E-02  5.7592E-02
   95.00  2.6975E+03 -4.5749E-01  5.1818E-01  6.3972E-03 -2.9678E-02  4.1228E-02
   96.00  2.6800E+03 -4.5414E-01  5.1381E-01 -1.1867E-02 -3.7013E-02  2.7205E-02
   97.00  2.6741E+03 -4.5401E-01  5.1131E-01 -3.4332E-02 -4.6693E-02  1.1801E-02
   98.00  2.6860E+03 -4.5550E-01  5.1380E-01 -5.5460E-02 -4.9078E-02 -3.9568E-03
   99.00  2.6918E+03 -4.5142E-01  5.1512E-01 -7.4118E-02 -4.4886E-02 -1.9745E-02
  100.00  2.6874E+03 -4.4420E-01  5.1247E-01 -9.3415E-02 -4.2487E-02 -3.3950E-02
  101.00  2.6886E+03 -4.4248E-01  5.1079E-01 -1.1091E-01 -4.2483E-02 -4.4329E-02
  102.00  2.6845E+03 -4.4501E-01  5.1187E-01 -1.2827E-01 -4.1204E-02 -5.7500E-02
  103.00  2.6695E+03 -4.4165E-01  5.1324E-01 -1.4787E-01 -4.0711E-02 -7.6884E-02
  104.00  2.6619E+03 -4.3312E-01  5.1288E-01 -1.6452E-01 -4.3862E-02 -9.3988E-02
  105.00  2.6632E+03 -4.2575E-01  5.1048E-01 -1.7542E-01 -4.6898E-02 -1.0365E-01
  106.00  2.6582E+03 -4.1856E-01  5.0886E-01 -1.8715E-01 -4.6365E-02 -1.1309E-01
  107.00  2.6467E+03 -4.1116E-01  5.1143E-01 -2.0527E-01 -4.6352E-02 -1.2923E-01
  108.00  2.6423E+03 -4.0420E-01  5.1613E-01 -2.2544E-01 -4.6624E-02 -1.4719E-01
  109.00  2.6480E+03 -3.9906E-01  5.1815E-01 -2.4173E-01 -4.2790E-02 -1.5999E-01
  110.00  2.6554E+03 -3.9510E-01  5.1830E-01 -2.5505E-01 -3.4943E-02 -1.7031E-01
  111.00  2.6631E+03 -3.8852E-01  5.1980E-01 -2.6681E-01 -2.9373E-02 -1.8105E-01
  112.00  2.6738E+03 -3.8056E-01  5.2150E-01 -2.7813E-01 -3.3132E-02 -1.9082E-01
  113.00  2.6876E+03 -3.7247E-01  5.2142E-01 -2.9289E-01 -3.9340E-02 -2.0107E-01
  114.00  2.7038E+03 -3.6463E-01  5.2189E-01 -3.1003E-01 -4.1172E-02 -2.1229E-01
  115.00  2.7134E+03 -3.5796E-01  5.2472E-01 -3.2444E-01 -4.0543E-02 -2.2194E-01
  116.00  2.7146E+03 -3.4890E-01  5.2765E-01 -3.3488E-01 -3.8478E-02 -2.2939E-01
  117.00  2.7256E+03 -3.3971E-01  5.2811E-01 -3.4492E-01 -3.7094E-02 -2.3789E-01
  118.00  2.7449E+03 -3.3381E-01  5.2599E-01 -3.5717E-01 -3.7299E-02 -2.4907E-01
  119.00  2.7505E+03 -3.2736E-01  5.2377E-01 -3.6996E-01 -3.6496E-02 -2.5885E-01
  120.00  2.7465E+03 -3.1980E-01  5.2434E-01 -3.8158E-01 -3.4204E-02 -2.6499E-01
  121.00  2.7472E+03 -3.1104E-01  5.2864E-01 -3.9187E-01 -3.5228E-02 -2.7218E-01
  122.00  2.7475E+03 -3.0016E-01  5.3421E-01 -4.0018E-01 -4.0356E-02 -2.8209E-01
  123.00  2.7497E+03 -2.8888E-01  5.3770E-01 -4.1006E-01 -4.3632E-02 -2.9276E-01
  124.00  2.7721E+03 -2.7880E-01  5.4156E-01 -4.2658E-01 -4.0854E-02 -3.0750E-01
  125.00  2.8047E+03 -2.7127E-01  5.4821E-01 -4.4164E-01 -3.4725E-02 -3.2224E-01
  126.00  2.8094E+03 -2.6489E-01  5.5188E-01 -4.4725E-01 -3.1573E-02 -3.2749E-01
  127.00  2.8034E+03 -2.5701E-01  5.5081E-01 -4.4966E-01 -3.1483E-02 -3.2656E-01
  128.00  2.8282E+03 -2.4735E-01  5.5196E-01 -4.5610E-01 -2.9337E-02 -3.2877E-01
  129.00  2.8633E+03 -2.3655E-01  5.5753E-01 -4.6657E-01 -2.8572E-02 -3.3585E-01
  130.00  2.8897E+03 -2.2842E-01  5.6461E-01 -4.7922E-01 -3.2600E-02 -3.4712E-01
  131.00  2.9186E+03 -2.2502E-01  5.6931E-01 -4.9175E-01 -3.4236E-02 -3.5977E-01
  132.00  2.9359E+03 -2.1803E-01  5.6755E-01 -5.0038E-01 -3.3549E-02 -3.6595E-01
  133.00  2.9356E+03 -2.0291E-01  5.6297E-01 -5.0578E-01 -3.3561E-02 -3.6769E-01
  134.00  2.9423E+03 -1.8785E-01  5.6359E-01 -5.0950E-01 -3.0216E-02 -3.7128E-01
  135.00  2.9581E+03 -1.7891E-01  5.6878E-01 -5.1214E-01 -2.7090E-02 -3.7446E-01
  136.00  2.9744E+03 -1.7573E-01  5.7446E-01 -5.1703E-01 -3.2690E-02 -3.7764E-01
  137.00  2.9894E+03 -1.7331E-01  5.7878E-01 -5.2523E-01 -3.8948E-02 -3.8428E-01
  138.00  2.9909E+03 -1.6566E-01  5.7957E-01 -5.3391E-01 -3.6419E-02 -3.9095E-01
  139.00  2.9917E+03 -1.5591E-01  5.8089E-01 -5.4039E-01 -3.4335E-02 -3.9483E-01
  140.00  3.0084E+03 -1.4840E-01  5.8709E-01 -5.4487E-01 -3.5288E-02 -4.0025E-01
  141.00  3.0207E+03 -1.4217E-01  5.9158E-01 -5.4880E-01 -3.4729E-02 -4.0660E-01
  142.00  3.0294E+03 -1.3175E-01  5.9038E-01 -5.5380E-01 -3.2868E-02 -4.0942E-01
  143.00  3.0637E+03 -1.1877E-01  5.9117E-01 -5.5936E-01 -3.0215E-02 -4.1127E-01
  144.00  3.1129E+03 -1.1308E-01  5.9796E-01 -5.6593E-01 -2.7204E-02 -4.1782E-01
  145.00  3.1537E+03 -1.1195E-01  6.0628E-01 -5.7360E-01 -2.0788E-02 -4.2676E-01
  146.00  3.1942E+03 -1.0829E-01  6.1329E-01 -5.8125E-01 -1.7008E-02 -4.3455E-01
  147.00  3.2353E+03 -1.0337E-01  6.1962E-01 -5.9026E-01 -2.0867E-02 -4.4281E-01
  148.00  3.2684E+03 -1.0143E-01  6.2512E-01 -5.9538E-01 -2.2561E-02 -4.4644E-01
  149.00  3.2989E+03 -9.7015E-02  6.2638E-01 -5.9633E-01 -2.3834E-02 -4.4413E-01
  150.00  3.3236E+03 -8.9021E-02  6.2204E-01 -6.0029E-01 -3.2037E-02 -4.4182E-01
  151.00  3.3242E+03 -8.3197E-02  6.1751E-01 -6.0198E-01 -3.8179E-02 -4.3718E-01
  152.00  3.3212E+03 -7.4371E-02  6.1867E-01 -6.0001E-01 -3.5505E-02 -4.3439E-01
  153.00  3.3614E+03 -6.2253E-02  6.2536E-01 -6.0729E-01 -3.0005E-02 -4.4604E-01
  154.00  3.4289E+03 -4.8400E-02  6.3194E-01 -6.2040E-01 -2.6396E-02 -4.6145E-01
  155.00  3.4417E+03 -3.5823E-02  6.3086E-01 -6.2336E-01 -2.2853E-02 -4.5972E-01
  156.00  3.3776E+03 -3.1282E-02  6.2270E-01 -6.1503E-01 -2.0105E-02 -4.4427E-01
  157.00  3.3371E+03 -3.7838E-02  6.2161E-01 -6.0695E-01 -1.8618E-02 -4.3566E-01
  158.00  3.3706E+03 -4.5178E-02  6.3320E-01 -6.1016E-01 -1.7540E-02 -4.4446E-01
  159.00  3.4307E+03 -3.7344E-02  6.4622E-01 -6.1780E-01 -1.5312E-02 -4.5640E-01
  160.00  3.5236E+03 -1.9510E-02  6.5495E-01 -6.2124E-01 -8.0125E-03 -4.6168E-01
  161.00  3.6385E+03 -4.8435E-03  6.6071E-01 -6.2572E-01 -6.9974E-03 -4.6841E-01
  162.00  3.6961E+03 -2.3955E-03  6.6256E-01 -6.3139E-01 -1.7634E-02 -4.7581E-01
  163.00  3.7040E+03 -9.6956E-03  6.5980E-01 -6.3831E-01 -2.6477E-02 -4.7934E-01
  164.00  3.7204E+03 -1.4029E-02  6.5741E-01 -6.4977E-01 -2.5808E-02 -4.8368E-01
  165.00  3.7411E+03 -6.1435E-03  6.6015E-01 -6.5662E-01 -1.9254E-02 -4.8696E-01
  166.00  3.7657E+03  8.1001E-03  6.6510E-01 -6.5054E-01 -1.5749E-02 -4.8090E-01
  167.00  3.8333E+03  1.7607E-02  6.7007E-01 -6.4535E-01 -1.6581E-02 -4.7495E-01
  168.00  3.9566E+03  1.9918E-02  6.7989E-01 -6.5374E-01 -1.6440E-02 -4.8531E-01
  169.00  4.0552E+03  2.0642E-02  6.9212E-01 -6.6248E-01 -1.5971E-02 -5.0085E-01
  170.00  4.0642E+03  2.6981E-02  6.9672E-01 -6.6267E-01 -1.6918E-02 -5.0424E-01
  171.00  4.1303E+03  2.2836E-02  6.9774E-01 -6.7156E-01 -1.7896E-02 -5.0974E-01
  172.00  4.3815E+03  2.2596E-02  7.0431E-01 -6.9186E-01 -1.6096E-02 -5.2490E-01
  173.00  4.5941E+03  4.0519E-02  7.0610E-01 -6.9918E-01 -9.4130E-03 -5.2342E-01
  174.00  4.5800E+03  5.3842E-02  6.9731E-01 -6.8997E-01 -1.4035E-02 -5.0145E-01
  175.00  4.5905E+03  6.1758E-02  6.9368E-01 -6.8039E-01 -3.4812E-02 -4.8237E-01
  176.00  4.7890E+03  6.1202E-02  7.0187E-01 -6.8587E-01 -3.6254E-02 -4.8077E-01
  177.00  4.9509E+03  5.3334E-02  7.0134E-01 -6.9503E-01 -1.7242E-02 -4.6776E-01
  178.00  4.9921E+03  3.6580E-02  6.8047E-01 -6.8134E-01 -2.6728E-03 -4.0573E-01
  179.00  5.0354E+03  1.1442E-02  6.5556E-01 -6.5588E-01  9.5094E-04 -3.2759E-01
  180.00  5.0692E+03  2.9519E-13  6.4580E-01 -6.4580E-01  4.4809E-14 -2.9558E-01
 azimuthal averaged scattering matrix expansion coefficients
    n       11          44          12          34         22p         22m
    0  1.0000E+00  4.1819E-01  0.0000E+00  0.0000E+00  0.0000E+00  0.0000E+00
    1  9.9693E-01  1.4013E+00  0.0000E+00  0.0000E+00  0.0000E+00  0.0000E+00
    2  1.4825E+00  1.3314E+00 -4.6000E-01 -4.0171E-02  2.2364E+00  4.9759E-01
    3  1.4705E+00  1.5160E+00 -6.7438E-02  1.2507E-02  1.6980E+00 -1.1272E-02
    4  1.6438E+00  1.5892E+00 -3.3702E-02  4.3308E-03  1.7516E+00  3.5347E-02
    5  1.6419E+00  1.6828E+00 -3.1859E-02  2.5335E-02  1.7708E+00 -2.5568E-02
    6  1.7073E+00  1.6667E+00 -2.4551E-02  1.9301E-02  1.7705E+00  2.3447E-02
    7  1.6431E+00  1.6760E+00 -3.2789E-02  3.1396E-02  1.7308E+00 -2.0701E-02
    8  1.6414E+00  1.6138E+00 -2.7909E-02  2.5742E-02  1.6846E+00  1.5198E-02
    9  1.5512E+00  1.5789E+00 -3.3506E-02  3.0791E-02  1.6153E+00 -1.4823E-02
   10  1.5257E+00  1.4957E+00 -2.2984E-02  2.4757E-02  1.5502E+00  1.6859E-02
   11  1.4286E+00  1.4517E+00 -3.9383E-02  2.3504E-02  1.4748E+00 -1.4813E-02
   12  1.3955E+00  1.3730E+00 -3.0111E-02  1.7949E-02  1.4103E+00  1.1902E-02
   13  1.3070E+00  1.3274E+00 -3.9413E-02  2.5377E-02  1.3426E+00 -1.1688E-02
   14  1.2813E+00  1.2570E+00 -1.9488E-02  2.4114E-02  1.2858E+00  1.4532E-02
   15  1.1904E+00  1.2041E+00 -3.1060E-02  2.4615E-02  1.2180E+00 -1.0408E-02
   16  1.1403E+00  1.1311E+00 -2.6752E-02  1.6846E-02  1.1525E+00  4.0810E-03
   17  1.0583E+00  1.0584E+00 -3.3502E-02  2.0154E-02  1.0760E+00 -3.7927E-03
   18  1.0033E+00  1.0043E+00 -2.2155E-02  1.4808E-02  1.0122E+00 -6.9144E-04
   19  9.3512E-01  9.2833E-01 -2.5518E-02  1.4673E-02  9.4344E-01  3.8460E-03
   20  8.6795E-01  8.7933E-01 -1.8322E-02  9.6571E-03  8.8656E-01 -1.7736E-03
   21  8.1991E-01  8.1922E-01 -2.3254E-02  1.9043E-02  8.2484E-01  2.3996E-04
   22  7.8728E-01  7.7246E-01 -1.2673E-02  5.1487E-03  7.8480E-01  6.0329E-03
   23  7.2568E-01  7.3419E-01 -2.7739E-02  8.0356E-03  7.3967E-01 -8.7550E-03
   24  7.0906E-01  6.9296E-01 -7.6830E-03  5.0350E-03  7.0135E-01  6.7855E-03
   25  6.5350E-01  6.5550E-01 -1.8887E-02  4.1741E-03  6.6238E-01 -4.2695E-03
   26  6.2577E-01  6.2229E-01 -9.7149E-03  4.5026E-03  6.2748E-01 -6.2410E-04
   27  5.9166E-01  5.8805E-01 -1.5043E-02 -4.2712E-03  5.9599E-01 -1.4294E-03
   28  5.7085E-01  5.7452E-01  5.3131E-04 -3.0526E-03  5.7238E-01  9.5723E-04
   29  5.4715E-01  5.3829E-01 -5.0024E-03 -2.2913E-03  5.4812E-01  4.1815E-03
   30  5.1735E-01  5.2872E-01 -4.4663E-03 -1.5380E-03  5.2372E-01 -7.0103E-03
   31  4.9927E-01  4.8638E-01 -1.0389E-02  3.4052E-03  4.9664E-01  4.5818E-03
   32  4.7107E-01  4.7839E-01 -4.4314E-03 -5.3141E-03  4.7624E-01 -1.4448E-03
   33  4.6183E-01  4.5074E-01 -6.9003E-03  3.6019E-03  4.5635E-01  6.7655E-03
   34  4.3979E-01  4.5192E-01  2.3090E-03 -5.5697E-03  4.4898E-01 -4.3219E-03
   35  4.2833E-01  4.1647E-01 -9.0690E-03  1.8109E-03  4.2259E-01  3.0520E-03
   36  3.9754E-01  4.0513E-01  6.8742E-03 -3.0757E-03  4.0325E-01 -2.1020E-03
   37  3.7544E-01  3.6414E-01 -5.5968E-03  1.9496E-03  3.7184E-01  3.7821E-03
   38  3.4432E-01  3.5169E-01  7.7593E-03 -1.4603E-03  3.5013E-01 -2.8398E-03
   39  3.1536E-01  3.1433E-01 -3.0176E-03 -1.9605E-03  3.1810E-01 -1.4895E-03
   40  2.8616E-01  2.8232E-01 -3.4296E-03  2.9090E-03  2.8513E-01  2.7901E-04
   41  2.4849E-01  2.4780E-01 -2.3702E-03  5.8779E-03  2.5064E-01 -9.9949E-04
   42  2.2803E-01  2.1823E-01  2.4396E-03 -6.0553E-03  2.2171E-01  3.7052E-03
   43  1.8607E-01  1.9417E-01 -3.5701E-03  1.3993E-03  1.9390E-01 -4.8525E-03
   44  1.7059E-01  1.5833E-01  3.8123E-03  7.5976E-05  1.6507E-01  6.5881E-03
   45  1.3548E-01  1.4396E-01 -5.6120E-04 -5.9711E-03  1.4134E-01 -5.4822E-03
   46  1.2439E-01  1.1435E-01  7.4429E-03 -8.2827E-03  1.1764E-01  5.4460E-03
   47  1.0742E-01  1.0886E-01 -3.4308E-03 -2.2394E-03  1.0957E-01 -2.1359E-03
   48  9.4939E-02  1.0107E-01  1.0894E-02 -7.8456E-03  9.7436E-02 -4.3121E-03
   49  9.4891E-02  7.7364E-02  5.6776E-03 -8.0027E-03  9.0551E-02  9.8190E-03
   50  6.8143E-02  8.1568E-02  1.3210E-02 -5.2243E-03  7.3417E-02 -5.2097E-03
   51  5.7130E-02  4.5796E-02 -3.3043E-03 -5.0675E-03  5.2819E-02  2.7034E-03
   52  3.2014E-02  3.7445E-02  1.0097E-02 -6.4264E-03  3.4045E-02 -2.7735E-03
   53  2.4495E-02  1.9593E-02  3.4292E-03 -4.8445E-03  2.1781E-02  1.9148E-03
   54  1.0950E-02  7.9952E-03  1.7507E-02 -8.4122E-03  8.8326E-03  1.4991E-03
   55 -9.7952E-03 -9.6383E-03  5.0076E-03  6.8756E-04 -7.5268E-03 -1.0917E-03
   56 -2.5717E-02 -2.3827E-02 -2.3708E-03 -8.7614E-03 -2.1648E-02 -1.6100E-04
   57 -3.5813E-02 -3.0157E-02  2.5640E-03 -7.5545E-04 -3.3965E-02 -5.0198E-03
   58 -2.5234E-02 -3.7816E-02  3.9235E-03 -2.9040E-03 -3.2774E-02  6.6259E-03
   59 -4.6036E-02 -3.3339E-02  1.0346E-02  5.6566E-03 -3.9029E-02 -5.3903E-03
   60 -3.3456E-02 -4.6141E-02  3.3794E-03  3.5658E-03 -4.1510E-02  7.3049E-03
   61 -4.6530E-02 -4.2914E-02  2.5634E-03  2.5867E-03 -4.0174E-02 -2.7714E-03
   62 -3.3614E-02 -3.3605E-02  1.9469E-03  4.8562E-05 -3.6610E-02  2.9233E-04
   63 -2.6188E-02 -3.5900E-02  8.3866E-03 -2.1792E-04 -2.9668E-02  4.1176E-03
   64 -1.7894E-02 -1.3294E-02  6.0489E-03 -6.0597E-03 -1.8236E-02 -3.9634E-03
   65 -1.5255E-02 -1.9814E-02  7.2095E-03 -8.8876E-03 -1.5754E-02  1.6948E-03
   66 -1.7760E-02 -1.5301E-02  1.1672E-02 -3.4622E-03 -1.6559E-02 -1.3797E-03
   67 -2.2464E-02 -2.4333E-02  1.3795E-04 -7.8368E-03 -2.3230E-02 -1.4782E-03
   68 -2.5451E-02 -2.6296E-02  9.8929E-03 -1.0296E-02 -2.4952E-02 -1.1908E-03
   69 -2.0707E-02 -3.2193E-02  4.6266E-03 -1.2331E-02 -2.6520E-02  4.5098E-03
   70 -2.1159E-02 -2.0447E-02  7.4791E-03 -5.8877E-03 -2.2578E-02 -5.9020E-04
   71 -1.6666E-02 -1.5300E-02  4.8093E-03 -8.0863E-03 -1.7223E-02 -8.5061E-04
   72 -5.3861E-03 -1.5749E-02  8.2970E-03 -1.0518E-02 -1.1987E-02  4.2102E-03
   73 -1.8030E-03 -4.8420E-03  1.5559E-02 -6.1756E-03 -2.6806E-03 -6.5827E-04
   74  7.3731E-03  8.0862E-03  1.9824E-02 -6.8854E-03  8.5622E-03 -7.7663E-04
   75  1.4648E-02  1.0357E-02  1.6060E-02 -6.0697E-03  1.1179E-02 -3.0286E-04
   76  1.1828E-02  1.9079E-02  1.2649E-02 -1.1016E-03  1.5535E-02 -4.7694E-03
   77  2.5668E-02  1.3365E-02  1.3408E-02 -1.4837E-03  2.1245E-02  5.6933E-03
   78  2.5452E-02  4.0383E-02  8.2745E-03  1.8333E-03  3.1041E-02 -9.4508E-03
   79  4.9399E-02  3.3921E-02  1.0193E-02  1.9495E-03  4.2724E-02  4.3916E-03
   80  4.5628E-02  5.5967E-02  4.7743E-03 -3.5780E-03  5.2293E-02 -7.6613E-03
   81  6.1257E-02  4.6949E-02  8.5324E-03 -4.6683E-03  5.1247E-02  4.9090E-03
   82  5.3662E-02  6.3379E-02  1.0283E-02 -3.4716E-04  5.8734E-02 -5.9202E-03
   83  6.5879E-02  5.6413E-02  8.9590E-03 -4.9214E-03  6.0678E-02  4.8765E-03
   84  6.5822E-02  7.0959E-02  1.6601E-02 -3.3646E-03  6.9364E-02 -4.1697E-03
   85  7.7677E-02  7.1370E-02  1.2891E-02 -7.8259E-03  7.4352E-02  8.5526E-04
   86  7.9653E-02  8.1718E-02  1.5537E-02 -4.3301E-03  8.1232E-02 -2.5582E-03
   87  9.1275E-02  8.4879E-02  1.8373E-02 -9.3236E-03  8.8557E-02  3.3155E-03
   88  9.1579E-02  9.6172E-02  2.0651E-02  1.0914E-04  9.1582E-02 -2.1370E-03
   89  9.6622E-02  9.0155E-02  1.5951E-02 -1.8200E-03  9.2733E-02  3.8363E-03
   90  8.6578E-02  9.3976E-02  1.3734E-02  1.3666E-03  9.0192E-02 -2.2259E-03
   91  8.8130E-02  8.2266E-02  1.1439E-02 -5.7006E-03  8.7288E-02  4.1479E-03
   92  7.8301E-02  8.4211E-02  1.3066E-02 -3.6365E-03  8.0231E-02 -1.0267E-03
   93  6.7091E-02  6.7114E-02  8.0401E-03 -6.2502E-03  6.8156E-02  2.1602E-04
   94  5.1496E-02  5.3356E-02  1.3978E-02 -5.0323E-03  5.2617E-02 -1.5006E-03
   95  3.3287E-02  2.8572E-02  1.3422E-02 -2.0743E-03  3.0948E-02  1.5803E-03
   96  2.3377E-03  5.7606E-04  1.1740E-02  4.6597E-04  1.8943E-03  3.0781E-04
   97 -3.5816E-02 -3.2995E-02  7.8839E-03  2.0864E-03 -3.1475E-02 -1.3172E-03
   98 -6.8012E-02 -7.6117E-02  9.2991E-03  2.0319E-03 -7.2034E-02  3.7989E-03
   99 -1.2078E-01 -1.1292E-01  6.8834E-03  5.8776E-03 -1.1450E-01 -4.3644E-03
  100 -1.5852E-01 -1.7179E-01  5.4152E-03  1.1443E-02 -1.6478E-01  5.2137E-03
  101 -2.2178E-01 -2.1457E-01  2.6989E-03  8.8111E-03 -2.1719E-01 -5.3409E-03
  102 -2.7045E-01 -2.7893E-01  3.0444E-03  1.4467E-02 -2.7341E-01  3.5572E-03
  103 -3.3484E-01 -3.3247E-01  2.1650E-04  1.2776E-02 -3.3331E-01 -1.7316E-03
  104 -3.8946E-01 -3.9586E-01 -8.6210E-04  1.2669E-02 -3.9131E-01  3.2389E-03
  105 -4.4843E-01 -4.4316E-01 -1.1896E-03  1.6229E-02 -4.4456E-01 -2.4279E-03
  106 -4.9311E-01 -4.9636E-01  2.9686E-04  1.6952E-02 -4.9319E-01  1.9661E-03
  107 -5.4159E-01 -5.4221E-01 -1.1665E-03  2.0931E-02 -5.4127E-01  3.8581E-05
  108 -5.8558E-01 -5.8297E-01 -6.9207E-03  2.2961E-02 -5.8371E-01 -1.9352E-03
  109 -6.2590E-01 -6.2534E-01 -5.2348E-03  2.3286E-02 -6.2468E-01 -1.4320E-03
  110 -6.6516E-01 -6.6639E-01 -1.0383E-02  2.5373E-02 -6.6548E-01  2.4266E-05
  111 -7.0788E-01 -7.0384E-01 -1.2387E-02  2.3029E-02 -7.0541E-01 -2.0236E-03
  112 -7.3901E-01 -7.4327E-01 -1.3191E-02  2.0906E-02 -7.4094E-01  1.5464E-03
  113 -7.7358E-01 -7.7082E-01 -1.3128E-02  1.9984E-02 -7.7167E-01 -1.5904E-03
  114 -7.9741E-01 -7.9788E-01 -1.2931E-02  1.6740E-02 -7.9749E-01 -2.6348E-04
  115 -8.1845E-01 -8.1912E-01 -1.1545E-02  1.7207E-02 -8.1817E-01 -4.1053E-04
  116 -8.3386E-01 -8.3332E-01 -1.1460E-02  1.4515E-02 -8.3422E-01 -3.1781E-04
  117 -8.4779E-01 -8.4698E-01 -9.9574E-03  1.4135E-02 -8.4670E-01 -3.4484E-04
  118 -8.5529E-01 -8.5655E-01 -9.8565E-03  1.1741E-02 -8.5629E-01  8.3708E-04
  119 -8.6238E-01 -8.6033E-01 -8.0472E-03  1.0576E-02 -8.6115E-01 -1.1068E-03
  120 -8.5866E-01 -8.6050E-01 -7.1737E-03  6.7995E-03 -8.5985E-01  7.4434E-04
  121 -8.5303E-01 -8.5320E-01 -5.3685E-03  6.6597E-03 -8.5315E-01  1.4465E-04
  122 -8.4199E-01 -8.4098E-01 -5.8351E-03  3.8962E-03 -8.4226E-01 -3.9156E-04
  123 -8.2372E-01 -8.2486E-01 -3.7472E-03  1.7561E-03 -8.2441E-01  5.5188E-04
  124 -8.0531E-01 -8.0430E-01 -1.8305E-03  1.7311E-03 -8.0563E-01 -3.7407E-04
  125 -7.8131E-01 -7.8261E-01 -2.0983E-04  1.0595E-03 -7.8245E-01  8.6821E-04
  126 -7.6043E-01 -7.6064E-01  8.3315E-04  1.1176E-03 -7.6101E-01  3.1390E-04
  127 -7.3698E-01 -7.3782E-01 -1.2852E-04  2.6181E-03 -7.3795E-01  3.1148E-04
  128 -7.1367E-01 -7.1363E-01  9.6445E-04  1.5087E-03 -7.1413E-01 -2.2139E-04
  129 -6.8871E-01 -6.9000E-01 -6.4939E-04  3.3131E-03 -6.8969E-01  4.8638E-04
  130 -6.6431E-01 -6.6387E-01 -7.8037E-04  2.8564E-03 -6.6445E-01 -1.6925E-04
  131 -6.3747E-01 -6.3800E-01 -2.0471E-03  4.8052E-03 -6.3825E-01  3.5193E-04
  132 -6.0999E-01 -6.1013E-01 -2.5073E-03  5.2911E-03 -6.1066E-01  9.3549E-05
  133 -5.7932E-01 -5.7886E-01 -3.9470E-03  6.4609E-03 -5.7957E-01 -1.7260E-04
  134 -5.4354E-01 -5.4408E-01 -2.8681E-03  7.0335E-03 -5.4450E-01  2.3492E-04
  135 -5.0380E-01 -5.0300E-01 -5.0153E-03  6.5772E-03 -5.0397E-01 -3.6193E-04
  136 -4.5956E-01 -4.5978E-01 -3.6127E-03  5.8162E-03 -4.6048E-01  2.1654E-04
  137 -4.1229E-01 -4.1198E-01 -3.0477E-03  5.4539E-03 -4.1283E-01 -9.5569E-05
  138 -3.6440E-01 -3.6472E-01 -1.5793E-03  4.7594E-03 -3.6531E-01  1.2739E-04
  139 -3.1753E-01 -3.1747E-01 -1.8315E-03  4.1804E-03 -3.1820E-01 -9.8920E-05
  140 -2.7324E-01 -2.7329E-01 -4.7533E-04  3.9351E-03 -2.7388E-01 -6.6837E-05
  141 -2.3140E-01 -2.3143E-01 -7.9887E-04  2.9290E-03 -2.3204E-01  1.1267E-05
  142 -1.9372E-01 -1.9364E-01 -3.7677E-04  2.6525E-03 -1.9412E-01 -7.1082E-05
  143 -1.5905E-01 -1.5922E-01 -5.5552E-05  1.3559E-03 -1.5966E-01  8.5202E-05
  144 -1.2859E-01 -1.2860E-01  2.7584E-07  1.8353E-03 -1.2896E-01  2.2542E-05
  145 -1.0101E-01 -1.0102E-01  3.0325E-04  7.3647E-04 -1.0141E-01 -3.7532E-06
  146 -7.7256E-02 -7.7398E-02  1.8592E-04  8.1003E-04 -7.7604E-02  5.2310E-05
  147 -5.7164E-02 -5.7166E-02  8.5818E-04  9.4379E-04 -5.7425E-02 -5.7898E-06
  148 -4.0690E-02 -4.0792E-02  4.1238E-04  5.3771E-04 -4.0922E-02  4.2148E-05
  149 -2.7452E-02 -2.7468E-02  5.6718E-04  4.8884E-04 -2.7645E-02 -3.5414E-06
  150 -1.7675E-02 -1.7722E-02  3.0369E-04  4.6558E-04 -1.7781E-02  2.1796E-05
  151 -1.0728E-02 -1.0663E-02  1.7173E-04  2.7097E-04 -1.0777E-02 -2.7862E-05
  152 -6.0440E-03 -6.0748E-03 -2.1962E-04  3.1522E-04 -6.1121E-03  9.5229E-06
  153 -3.0468E-03 -3.0485E-03  2.1614E-04  3.8565E-05 -3.0677E-03  9.6618E-07
  154 -1.3881E-03 -1.3958E-03 -5.5455E-04  3.2308E-04 -1.4030E-03  2.1075E-06
  155 -3.4963E-04 -3.7524E-04  3.3531E-04  2.6706E-05 -3.7937E-04  6.3262E-06
  156 -1.0984E-04 -1.5398E-04 -7.1048E-04  1.7644E-04 -1.1974E-04  3.0700E-05
  157  8.1209E-05  9.4293E-05  2.5635E-04  9.3989E-05  8.2483E-05 -2.8718E-06
  158  2.5372E-05  3.6355E-05 -5.1254E-04  2.3810E-04  3.0142E-05 -2.2371E-06
  159 -4.0785E-05 -6.3655E-05  2.8774E-05  1.5435E-05 -5.3942E-05  1.3927E-05
  160  4.6004E-05  5.3658E-05 -3.0487E-04  3.3121E-04  6.1112E-05 -2.2321E-07
