****************************************************
****************************************************
 mstm calculation results
 date, time:
20260207 163447.130 
 input file:
lk1.inp
****************************************************
 input variables for run     1
 sphere data input file:
16384_bpca.pos
 number spheres
16384
 length, ref index scale factors
  1.0000000E+00  2.5900000E+00  2.7700000E+00
 volume cluster radius, area mean sphere radius, circumscribing radius, cross section radius
  2.5398331E+01  1.0000000E+00  8.4922269E+01  2.5398331E+01
 incident plane wave
 Monte Carlo average over incident directions
 t matrix order:
    80
 layer 0 refractive index
  1.0000E+00  0.0000E+00
 number of plane boundaries 
  0
 max_iterations,solution_epsilon, mie_epsilon
       100  1.0000E-07  1.0000E-06
 maximum Mie order, number of equations:
   4    786432
 mean sphere Mie extinction, absorption efficiencies
  3.3753E+00  1.4673E+00
 fft translation option implemented
 cell width, cell volume fraction, cell dimension:
      54      54      60  5.0000E-01  1.9838E+00
 number of neighbor nodes, node order:
   26    4
****************************************************
 calculation results for run 
           1
 incidence averages collected: sample:
   30
 number iterations, error, solution time 
   101  3.3812E-05  7.9624E+04
 total extinction, absorption, scattering efficiencies (unpolarized incidence)
  9.2113E+00  4.1539E+00  5.0574E+00
  down and up hemispherical scattering efficiencies (unpol, par, perp) 
  4.4690E-01  4.6089E+00  4.4702E-01  4.6113E+00  4.4678E-01  4.6065E+00
 azimuthal averaged scattering matrix
 number directions, number SM elements:
   181     6
   theta     11          12          22          33          34          44     
    0.00  1.3880E+07 -1.6679E-07  9.9999E-01  9.9999E-01 -6.9752E-08  9.9999E-01
    1.00  1.0877E+07 -2.6186E-04  9.9999E-01  9.9999E-01 -1.1699E-04  9.9999E-01
    2.00  4.9271E+06 -1.1683E-03  9.9999E-01  9.9998E-01 -6.2835E-04  9.9998E-01
    3.00  9.7223E+05 -3.4372E-03  9.9994E-01  9.9992E-01 -2.4847E-03  9.9988E-01
    4.00  5.6637E+04 -7.9789E-04  9.9888E-01  9.9869E-01 -1.8404E-03  9.9799E-01
    5.00  1.9749E+05  4.0208E-04  9.9969E-01  9.9966E-01  3.6839E-03  9.9948E-01
    6.00  1.5058E+05 -4.6435E-03  9.9962E-01  9.9956E-01  1.1797E-03  9.9936E-01
    7.00  3.5147E+04 -1.2127E-02  9.9824E-01  9.9806E-01  1.9812E-03  9.9701E-01
    8.00  2.8148E+04 -2.5006E-03  9.9754E-01  9.9763E-01  1.2334E-02  9.9608E-01
    9.00  3.7876E+04 -4.9733E-03  9.9819E-01  9.9833E-01  9.1300E-03  9.9722E-01
   10.00  2.1626E+04 -1.2592E-02  9.9699E-01  9.9695E-01  1.0403E-02  9.9513E-01
   11.00  1.0516E+04 -1.6130E-02  9.9382E-01  9.9342E-01  1.6961E-02  9.8961E-01
   12.00  1.1149E+04 -1.0607E-02  9.9428E-01  9.9376E-01  1.7226E-02  9.9046E-01
   13.00  1.0633E+04 -1.3527E-02  9.9406E-01  9.9339E-01  2.0199E-02  9.9013E-01
   14.00  6.9855E+03 -1.8905E-02  9.9056E-01  9.9008E-01  2.4917E-02  9.8464E-01
   15.00  5.2621E+03 -2.0168E-02  9.8728E-01  9.8705E-01  2.6470E-02  9.7964E-01
   16.00  4.9645E+03 -2.0214E-02  9.8704E-01  9.8573E-01  2.6962E-02  9.7854E-01
   17.00  4.1551E+03 -2.5826E-02  9.8469E-01  9.8252E-01  2.7440E-02  9.7415E-01
   18.00  3.6036E+03 -3.5902E-02  9.8162E-01  9.8015E-01  3.1749E-02  9.7012E-01
   19.00  3.1626E+03 -4.0249E-02  9.7820E-01  9.7696E-01  3.2583E-02  9.6552E-01
   20.00  2.6327E+03 -4.1162E-02  9.7332E-01  9.7037E-01  2.8590E-02  9.5653E-01
   21.00  2.4545E+03 -4.7911E-02  9.7133E-01  9.6641E-01  4.0039E-02  9.5124E-01
   22.00  2.1614E+03 -5.4969E-02  9.6746E-01  9.6194E-01  4.9397E-02  9.4491E-01
   23.00  1.8076E+03 -5.9488E-02  9.6044E-01  9.5466E-01  3.7966E-02  9.3456E-01
   24.00  1.7778E+03 -6.9401E-02  9.5851E-01  9.5145E-01  3.9189E-02  9.3048E-01
   25.00  1.6532E+03 -8.0869E-02  9.5385E-01  9.4585E-01  5.0873E-02  9.2197E-01
   26.00  1.4228E+03 -8.8101E-02  9.4476E-01  9.3756E-01  4.8471E-02  9.0837E-01
   27.00  1.3567E+03 -9.4416E-02  9.4085E-01  9.3390E-01  4.7738E-02  9.0303E-01
   28.00  1.2801E+03 -1.0468E-01  9.3601E-01  9.2761E-01  5.4549E-02  8.9481E-01
   29.00  1.1755E+03 -1.1353E-01  9.2874E-01  9.1887E-01  5.6901E-02  8.8209E-01
   30.00  1.1078E+03 -1.2132E-01  9.2355E-01  9.1120E-01  5.7840E-02  8.7216E-01
   31.00  1.0088E+03 -1.3491E-01  9.1509E-01  8.9961E-01  5.6822E-02  8.5807E-01
   32.00  9.4020E+02 -1.4916E-01  9.0588E-01  8.8951E-01  6.0188E-02  8.4411E-01
   33.00  9.0800E+02 -1.6062E-01  8.9855E-01  8.8202E-01  6.9417E-02  8.3224E-01
   34.00  8.4497E+02 -1.7287E-01  8.8899E-01  8.7002E-01  6.7336E-02  8.1594E-01
   35.00  7.9611E+02 -1.8242E-01  8.8225E-01  8.5962E-01  6.5484E-02  8.0438E-01
   36.00  7.7632E+02 -1.9129E-01  8.7770E-01  8.5334E-01  7.4586E-02  7.9716E-01
   37.00  7.5076E+02 -2.0768E-01  8.7013E-01  8.4404E-01  7.8438E-02  7.8361E-01
   38.00  7.1550E+02 -2.2448E-01  8.6113E-01  8.2974E-01  7.8102E-02  7.6525E-01
   39.00  6.7344E+02 -2.3535E-01  8.5070E-01  8.1427E-01  8.0438E-02  7.4671E-01
   40.00  6.4462E+02 -2.4684E-01  8.4198E-01  8.0500E-01  8.0583E-02  7.3444E-01
   41.00  6.3055E+02 -2.5999E-01  8.3536E-01  7.9699E-01  8.3823E-02  7.2405E-01
   42.00  6.0585E+02 -2.6940E-01  8.2373E-01  7.8083E-01  8.7520E-02  7.0414E-01
   43.00  5.8057E+02 -2.7672E-01  8.0975E-01  7.6439E-01  7.9985E-02  6.8187E-01
   44.00  5.6438E+02 -2.8953E-01  7.9774E-01  7.5031E-01  7.5246E-02  6.6154E-01
   45.00  5.4090E+02 -3.0331E-01  7.8313E-01  7.3108E-01  7.8766E-02  6.3534E-01
   46.00  5.1785E+02 -3.1412E-01  7.6987E-01  7.1168E-01  7.9885E-02  6.1012E-01
   47.00  5.0508E+02 -3.2729E-01  7.6221E-01  6.9418E-01  8.0516E-02  5.9013E-01
   48.00  4.8993E+02 -3.4464E-01  7.5236E-01  6.7194E-01  8.3870E-02  5.6513E-01
   49.00  4.7356E+02 -3.6154E-01  7.3931E-01  6.4955E-01  8.1017E-02  5.3792E-01
   50.00  4.6352E+02 -3.7347E-01  7.2846E-01  6.3308E-01  7.5306E-02  5.1780E-01
   51.00  4.5530E+02 -3.8426E-01  7.1943E-01  6.1579E-01  7.8392E-02  4.9949E-01
   52.00  4.4956E+02 -3.9693E-01  7.1135E-01  5.9457E-01  8.0738E-02  4.7745E-01
   53.00  4.4794E+02 -4.1036E-01  7.0425E-01  5.7523E-01  7.7196E-02  4.5510E-01
   54.00  4.4697E+02 -4.2300E-01  6.9694E-01  5.5797E-01  7.5525E-02  4.3401E-01
   55.00  4.4580E+02 -4.3274E-01  6.8931E-01  5.3990E-01  8.1209E-02  4.1284E-01
   56.00  4.4146E+02 -4.3923E-01  6.8055E-01  5.2061E-01  8.7219E-02  3.9052E-01
   57.00  4.3487E+02 -4.4739E-01  6.7189E-01  5.0227E-01  8.6851E-02  3.7066E-01
   58.00  4.3195E+02 -4.5963E-01  6.6605E-01  4.8561E-01  8.7816E-02  3.5578E-01
   59.00  4.3207E+02 -4.7260E-01  6.6159E-01  4.6535E-01  9.1815E-02  3.3911E-01
   60.00  4.3357E+02 -4.8400E-01  6.5763E-01  4.4263E-01  9.0707E-02  3.2022E-01
   61.00  4.3575E+02 -4.9367E-01  6.5327E-01  4.2168E-01  8.8636E-02  3.0271E-01
   62.00  4.3463E+02 -5.0178E-01  6.4506E-01  3.9861E-01  9.2968E-02  2.8114E-01
   63.00  4.3104E+02 -5.0699E-01  6.3503E-01  3.7352E-01  9.6112E-02  2.5556E-01
   64.00  4.3093E+02 -5.1133E-01  6.2853E-01  3.5165E-01  9.4804E-02  2.3389E-01
   65.00  4.3373E+02 -5.1728E-01  6.2381E-01  3.3175E-01  9.4210E-02  2.1502E-01
   66.00  4.3322E+02 -5.2351E-01  6.1704E-01  3.0957E-01  9.5375E-02  1.9365E-01
   67.00  4.2887E+02 -5.2876E-01  6.1016E-01  2.8572E-01  9.3499E-02  1.7257E-01
   68.00  4.2593E+02 -5.3351E-01  6.0625E-01  2.6311E-01  8.9657E-02  1.5456E-01
   69.00  4.2522E+02 -5.3688E-01  6.0304E-01  2.4126E-01  8.8541E-02  1.3444E-01
   70.00  4.2584E+02 -5.3727E-01  5.9772E-01  2.2050E-01  9.0438E-02  1.1111E-01
   71.00  4.2935E+02 -5.3621E-01  5.9208E-01  2.0130E-01  9.6003E-02  8.8062E-02
   72.00  4.3388E+02 -5.3560E-01  5.8710E-01  1.8077E-01  1.0083E-01  6.4137E-02
   73.00  4.3767E+02 -5.3527E-01  5.8222E-01  1.5936E-01  1.0232E-01  4.0599E-02
   74.00  4.4229E+02 -5.3367E-01  5.7858E-01  1.3784E-01  1.0251E-01  1.9742E-02
   75.00  4.4661E+02 -5.3157E-01  5.7632E-01  1.1409E-01  1.0155E-01 -8.8950E-04
   76.00  4.4841E+02 -5.2974E-01  5.7422E-01  8.8874E-02  9.6159E-02 -2.2438E-02
   77.00  4.4954E+02 -5.2902E-01  5.7293E-01  6.4034E-02  8.9830E-02 -4.2980E-02
   78.00  4.5106E+02 -5.2823E-01  5.7224E-01  3.9321E-02  8.8837E-02 -6.1711E-02
   79.00  4.5087E+02 -5.2418E-01  5.6773E-01  1.5917E-02  9.0851E-02 -7.9510E-02
   80.00  4.4995E+02 -5.1852E-01  5.5679E-01 -3.7838E-03  9.1628E-02 -9.7275E-02
   81.00  4.5250E+02 -5.1392E-01  5.4556E-01 -2.0421E-02  8.9489E-02 -1.1346E-01
   82.00  4.5907E+02 -5.1099E-01  5.4120E-01 -4.0102E-02  8.6994E-02 -1.2960E-01
   83.00  4.6637E+02 -5.0804E-01  5.4252E-01 -6.7672E-02  8.6169E-02 -1.5140E-01
   84.00  4.7373E+02 -5.0417E-01  5.4646E-01 -9.4708E-02  8.6983E-02 -1.7257E-01
   85.00  4.8201E+02 -5.0224E-01  5.5132E-01 -1.1400E-01  8.7833E-02 -1.8479E-01
   86.00  4.8909E+02 -5.0212E-01  5.5492E-01 -1.3168E-01  8.6708E-02 -1.9376E-01
   87.00  4.9321E+02 -4.9778E-01  5.5680E-01 -1.5153E-01  8.2171E-02 -2.0564E-01
   88.00  4.9725E+02 -4.8919E-01  5.5793E-01 -1.7149E-01  7.6388E-02 -2.2087E-01
   89.00  5.0413E+02 -4.8354E-01  5.5909E-01 -1.9000E-01  7.4004E-02 -2.3760E-01
   90.00  5.1257E+02 -4.8148E-01  5.6027E-01 -2.0699E-01  7.5946E-02 -2.5345E-01
   91.00  5.2038E+02 -4.7888E-01  5.6025E-01 -2.2266E-01  7.6692E-02 -2.6765E-01
   92.00  5.2819E+02 -4.7461E-01  5.5907E-01 -2.3635E-01  7.3246E-02 -2.7995E-01
   93.00  5.3837E+02 -4.6730E-01  5.5962E-01 -2.5195E-01  7.2196E-02 -2.9293E-01
   94.00  5.4986E+02 -4.5614E-01  5.6340E-01 -2.7378E-01  7.2839E-02 -3.0984E-01
   95.00  5.5832E+02 -4.4341E-01  5.6793E-01 -2.9637E-01  7.2587E-02 -3.2669E-01
   96.00  5.6333E+02 -4.2784E-01  5.6990E-01 -3.1575E-01  7.1108E-02 -3.4010E-01
   97.00  5.6987E+02 -4.1382E-01  5.6992E-01 -3.3412E-01  6.4888E-02 -3.5246E-01
   98.00  5.8054E+02 -4.0855E-01  5.7041E-01 -3.4875E-01  5.7625E-02 -3.6284E-01
   99.00  5.9234E+02 -4.0616E-01  5.7107E-01 -3.5833E-01  5.3959E-02 -3.7044E-01
  100.00  6.0107E+02 -3.9926E-01  5.7067E-01 -3.6772E-01  5.0657E-02 -3.7899E-01
  101.00  6.0683E+02 -3.8681E-01  5.6867E-01 -3.7667E-01  4.6801E-02 -3.8621E-01
  102.00  6.1298E+02 -3.7222E-01  5.6555E-01 -3.8292E-01  4.4109E-02 -3.8771E-01
  103.00  6.1981E+02 -3.6139E-01  5.6343E-01 -3.9101E-01  4.0158E-02 -3.8875E-01
  104.00  6.2714E+02 -3.5469E-01  5.6575E-01 -4.0388E-01  3.8458E-02 -3.9527E-01
  105.00  6.3693E+02 -3.4794E-01  5.7385E-01 -4.1895E-01  3.9477E-02 -4.0700E-01
  106.00  6.5097E+02 -3.4046E-01  5.8388E-01 -4.3265E-01  3.6509E-02 -4.1967E-01
  107.00  6.6795E+02 -3.3119E-01  5.8962E-01 -4.4381E-01  3.2775E-02 -4.2863E-01
  108.00  6.8303E+02 -3.1896E-01  5.8986E-01 -4.5349E-01  3.5857E-02 -4.3301E-01
  109.00  6.9469E+02 -3.0521E-01  5.8971E-01 -4.6277E-01  4.0527E-02 -4.3510E-01
  110.00  7.0547E+02 -2.9260E-01  5.9265E-01 -4.7428E-01  3.6356E-02 -4.4030E-01
  111.00  7.1572E+02 -2.8416E-01  5.9762E-01 -4.8883E-01  2.7668E-02 -4.5131E-01
  112.00  7.2510E+02 -2.7738E-01  6.0221E-01 -5.0157E-01  2.4717E-02 -4.6115E-01
  113.00  7.3766E+02 -2.7182E-01  6.0537E-01 -5.0903E-01  2.8376E-02 -4.6361E-01
  114.00  7.5743E+02 -2.7083E-01  6.0946E-01 -5.1544E-01  3.1509E-02 -4.6505E-01
  115.00  7.7896E+02 -2.7017E-01  6.1468E-01 -5.2598E-01  2.9273E-02 -4.7154E-01
  116.00  7.9105E+02 -2.6336E-01  6.1590E-01 -5.3837E-01  2.3962E-02 -4.7710E-01
  117.00  7.9429E+02 -2.5169E-01  6.1253E-01 -5.4708E-01  2.0670E-02 -4.7675E-01
  118.00  8.0156E+02 -2.3880E-01  6.1211E-01 -5.5338E-01  1.9521E-02 -4.7807E-01
  119.00  8.1984E+02 -2.2589E-01  6.1870E-01 -5.6213E-01  1.7718E-02 -4.8759E-01
  120.00  8.4471E+02 -2.1768E-01  6.2690E-01 -5.7117E-01  1.5236E-02 -4.9856E-01
  121.00  8.6655E+02 -2.1772E-01  6.3119E-01 -5.7720E-01  1.1063E-02 -5.0463E-01
  122.00  8.7772E+02 -2.2113E-01  6.3283E-01 -5.8076E-01  4.9114E-03 -5.0694E-01
  123.00  8.8081E+02 -2.1859E-01  6.3587E-01 -5.8298E-01 -7.8313E-04 -5.0866E-01
  124.00  8.8904E+02 -2.0505E-01  6.4264E-01 -5.8824E-01 -1.4037E-03 -5.1430E-01
  125.00  9.0714E+02 -1.8594E-01  6.5033E-01 -5.9949E-01  3.1996E-03 -5.2327E-01
  126.00  9.2108E+02 -1.7165E-01  6.5264E-01 -6.0933E-01  8.7095E-03 -5.2677E-01
  127.00  9.2338E+02 -1.6503E-01  6.5020E-01 -6.1211E-01  1.3711E-02 -5.2342E-01
  128.00  9.2831E+02 -1.6002E-01  6.4975E-01 -6.1335E-01  1.9125E-02 -5.2267E-01
  129.00  9.4910E+02 -1.5181E-01  6.5359E-01 -6.1778E-01  1.9858E-02 -5.2924E-01
  130.00  9.7841E+02 -1.4296E-01  6.5869E-01 -6.2342E-01  1.2273E-02 -5.3745E-01
  131.00  9.9962E+02 -1.3558E-01  6.6029E-01 -6.2922E-01  4.2610E-03 -5.3908E-01
  132.00  1.0115E+03 -1.3006E-01  6.5740E-01 -6.3506E-01 -1.8858E-04 -5.3330E-01
  133.00  1.0288E+03 -1.2818E-01  6.5923E-01 -6.3977E-01 -4.0463E-03 -5.3125E-01
  134.00  1.0541E+03 -1.2440E-01  6.7100E-01 -6.4261E-01 -8.1535E-03 -5.3713E-01
  135.00  1.0711E+03 -1.1381E-01  6.7969E-01 -6.4357E-01 -5.7749E-03 -5.3791E-01
  136.00  1.0738E+03 -1.0124E-01  6.7535E-01 -6.4521E-01  2.5882E-03 -5.2986E-01
  137.00  1.0795E+03 -9.6680E-02  6.6874E-01 -6.4859E-01  4.7684E-03 -5.2317E-01
  138.00  1.0986E+03 -1.0252E-01  6.6988E-01 -6.5445E-01  2.2646E-03 -5.2383E-01
  139.00  1.1190E+03 -1.0689E-01  6.7172E-01 -6.6052E-01  6.5137E-03 -5.2520E-01
  140.00  1.1277E+03 -1.0293E-01  6.6983E-01 -6.6098E-01  1.0653E-02 -5.1994E-01
  141.00  1.1362E+03 -9.3827E-02  6.7352E-01 -6.6455E-01  2.3549E-03 -5.2042E-01
  142.00  1.1710E+03 -8.6498E-02  6.8699E-01 -6.7749E-01 -1.2421E-02 -5.3474E-01
  143.00  1.2180E+03 -8.2670E-02  6.9596E-01 -6.8524E-01 -2.6080E-02 -5.4451E-01
  144.00  1.2384E+03 -7.8946E-02  6.9369E-01 -6.8370E-01 -3.0483E-02 -5.4225E-01
  145.00  1.2445E+03 -7.5786E-02  6.9276E-01 -6.8531E-01 -2.3492E-02 -5.4182E-01
  146.00  1.2594E+03 -7.0776E-02  6.9560E-01 -6.9118E-01 -1.2089E-02 -5.4186E-01
  147.00  1.2669E+03 -6.2613E-02  6.9114E-01 -6.8982E-01 -1.8756E-03 -5.2759E-01
  148.00  1.2698E+03 -5.5808E-02  6.8625E-01 -6.8141E-01 -2.3662E-03 -5.0953E-01
  149.00  1.2848E+03 -5.2011E-02  6.9329E-01 -6.7749E-01 -9.4788E-03 -5.0805E-01
  150.00  1.2884E+03 -5.1366E-02  7.0175E-01 -6.8156E-01 -1.7150E-02 -5.1554E-01
  151.00  1.2783E+03 -5.2504E-02  7.0069E-01 -6.8582E-01 -2.6501E-02 -5.1431E-01
  152.00  1.2930E+03 -5.1445E-02  6.9857E-01 -6.9014E-01 -3.0632E-02 -5.1099E-01
  153.00  1.3321E+03 -4.3043E-02  7.0386E-01 -6.9865E-01 -2.0829E-02 -5.1798E-01
  154.00  1.3593E+03 -2.5056E-02  7.0847E-01 -7.0328E-01 -5.3022E-03 -5.2301E-01
  155.00  1.3700E+03 -1.1714E-02  7.0399E-01 -7.0316E-01 -3.5886E-03 -5.1773E-01
  156.00  1.3919E+03 -1.1251E-02  6.9873E-01 -7.0729E-01 -1.2266E-02 -5.1411E-01
  157.00  1.4268E+03 -8.2795E-03  7.0129E-01 -7.1270E-01 -1.6260E-02 -5.1584E-01
  158.00  1.4475E+03 -1.0517E-03  7.0438E-01 -7.1107E-01 -1.4884E-02 -5.1179E-01
  159.00  1.4559E+03 -6.8042E-03  7.0452E-01 -7.0455E-01 -1.2517E-02 -5.0247E-01
  160.00  1.4752E+03 -2.0875E-02  7.0911E-01 -7.0465E-01 -9.0108E-03 -5.0448E-01
  161.00  1.5094E+03 -2.1075E-02  7.2036E-01 -7.1474E-01 -5.6801E-03 -5.2087E-01
  162.00  1.5538E+03 -1.2419E-02  7.3239E-01 -7.2552E-01 -1.9209E-03 -5.3503E-01
  163.00  1.5841E+03 -4.5006E-03  7.3686E-01 -7.2845E-01  3.1748E-03 -5.3307E-01
  164.00  1.5622E+03  6.1956E-03  7.2884E-01 -7.2029E-01  2.7801E-03 -5.1149E-01
  165.00  1.5225E+03  1.5699E-02  7.1714E-01 -7.1226E-01 -5.7638E-03 -4.8918E-01
  166.00  1.5518E+03  1.7925E-02  7.2178E-01 -7.2052E-01 -1.8773E-02 -4.9723E-01
  167.00  1.6330E+03  1.8287E-02  7.3883E-01 -7.3493E-01 -2.6364E-02 -5.2179E-01
  168.00  1.6680E+03  2.2879E-02  7.4422E-01 -7.3453E-01 -2.1844E-02 -5.2170E-01
  169.00  1.6516E+03  2.4054E-02  7.3278E-01 -7.2490E-01 -8.4261E-03 -4.9757E-01
  170.00  1.6437E+03  1.9831E-02  7.1830E-01 -7.3068E-01  7.3562E-04 -4.8515E-01
  171.00  1.6449E+03  1.4786E-02  7.1347E-01 -7.4097E-01 -1.9953E-03 -4.8513E-01
  172.00  1.6225E+03  1.2291E-02  7.1921E-01 -7.3633E-01 -4.4960E-03 -4.8059E-01
  173.00  1.6130E+03  1.4541E-02  7.2799E-01 -7.3324E-01 -2.6384E-03 -4.8158E-01
  174.00  1.6691E+03  1.6118E-02  7.3639E-01 -7.4482E-01 -9.6786E-03 -4.9758E-01
  175.00  1.7460E+03  1.9291E-02  7.4609E-01 -7.5632E-01 -1.9866E-02 -5.1525E-01
  176.00  1.7831E+03  2.9900E-02  7.5488E-01 -7.5355E-01 -1.9192E-02 -5.1765E-01
  177.00  1.8013E+03  4.6593E-02  7.5624E-01 -7.4600E-01 -1.7748E-02 -5.0789E-01
  178.00  1.8596E+03  4.5200E-02  7.4389E-01 -7.3846E-01 -1.6540E-02 -4.8519E-01
  179.00  1.9525E+03  1.7170E-02  7.2483E-01 -7.2432E-01 -6.5670E-03 -4.5031E-01
  180.00  1.9992E+03  4.8122E-13  7.1590E-01 -7.1590E-01 -1.8640E-13 -4.3239E-01
 diffuse scattering matrix 
   theta     11          12          22          33          34          44     
    0.00  3.1191E+04 -2.0742E-06  9.9791E-01  9.9791E-01 -3.8119E-06  9.9643E-01
    1.00  8.4588E+04 -1.0165E-03  9.9921E-01  9.9920E-01 -2.0753E-03  9.9866E-01
    2.00  1.2174E+05 -1.8449E-03  9.9947E-01  9.9944E-01 -4.2196E-03  9.9909E-01
    3.00  6.7161E+04 -3.5569E-03  9.9914E-01  9.9903E-01 -5.7688E-03  9.9850E-01
    4.00  3.8262E+04 -4.3309E-03  9.9853E-01  9.9837E-01  2.6586E-03  9.9746E-01
    5.00  4.9163E+04 -3.1389E-03  9.9887E-01  9.9876E-01  1.6931E-03  9.9812E-01
    6.00  3.4749E+04 -5.1103E-03  9.9849E-01  9.9828E-01 -3.1162E-03  9.9748E-01
    7.00  1.9018E+04 -8.4621E-03  9.9700E-01  9.9677E-01  6.5447E-03  9.9502E-01
    8.00  2.1760E+04 -6.9896E-03  9.9703E-01  9.9719E-01  1.1670E-02  9.9534E-01
    9.00  1.9386E+04 -8.5589E-03  9.9663E-01  9.9698E-01  6.1042E-03  9.9493E-01
   10.00  1.1791E+04 -1.3207E-02  9.9470E-01  9.9491E-01  1.1126E-02  9.9168E-01
   11.00  9.3471E+03 -1.3387E-02  9.9338E-01  9.9329E-01  1.9302E-02  9.8921E-01
   12.00  9.2997E+03 -1.3909E-02  9.9346E-01  9.9310E-01  1.5237E-02  9.8933E-01
   13.00  7.5899E+03 -1.7976E-02  9.9204E-01  9.9127E-01  1.8416E-02  9.8689E-01
   14.00  5.4529E+03 -1.8271E-02  9.8850E-01  9.8802E-01  2.6332E-02  9.8135E-01
   15.00  4.8670E+03 -1.7969E-02  9.8694E-01  9.8694E-01  2.7725E-02  9.7931E-01
   16.00  4.3868E+03 -2.3564E-02  9.8603E-01  9.8510E-01  2.5939E-02  9.7737E-01
   17.00  3.4180E+03 -3.0539E-02  9.8226E-01  9.8031E-01  2.5835E-02  9.7061E-01
   18.00  3.1546E+03 -3.6286E-02  9.8001E-01  9.7858E-01  3.3092E-02  9.6768E-01
   19.00  2.9402E+03 -3.9690E-02  9.7773E-01  9.7645E-01  3.4585E-02  9.6486E-01
   20.00  2.4061E+03 -4.2484E-02  9.7217E-01  9.6936E-01  2.9207E-02  9.5500E-01
   21.00  2.1845E+03 -4.9242E-02  9.6922E-01  9.6443E-01  3.8564E-02  9.4808E-01
   22.00  1.9639E+03 -5.5394E-02  9.6589E-01  9.6035E-01  4.7940E-02  9.4247E-01
   23.00  1.6832E+03 -5.9277E-02  9.5924E-01  9.5348E-01  3.7460E-02  9.3281E-01
   24.00  1.6464E+03 -7.0081E-02  9.5657E-01  9.4989E-01  3.6656E-02  9.2788E-01
   25.00  1.5222E+03 -8.3214E-02  9.5144E-01  9.4368E-01  4.8217E-02  9.1843E-01
   26.00  1.3160E+03 -8.9309E-02  9.4221E-01  9.3500E-01  4.6859E-02  9.0426E-01
   27.00  1.2765E+03 -9.2699E-02  9.3904E-01  9.3269E-01  4.5528E-02  9.0063E-01
   28.00  1.2094E+03 -1.0419E-01  9.3441E-01  9.2671E-01  5.2339E-02  8.9303E-01
   29.00  1.1065E+03 -1.1538E-01  9.2701E-01  9.1731E-01  5.5021E-02  8.7960E-01
   30.00  1.0500E+03 -1.2119E-01  9.2240E-01  9.1025E-01  5.8133E-02  8.7039E-01
   31.00  9.5809E+02 -1.3282E-01  9.1401E-01  8.9875E-01  5.7969E-02  8.5654E-01
   32.00  8.9573E+02 -1.4772E-01  9.0520E-01  8.8886E-01  5.9549E-02  8.4332E-01
   33.00  8.6902E+02 -1.5982E-01  8.9824E-01  8.8179E-01  6.9723E-02  8.3213E-01
   34.00  8.0683E+02 -1.7242E-01  8.8801E-01  8.6922E-01  6.8957E-02  8.1471E-01
   35.00  7.5498E+02 -1.8224E-01  8.8046E-01  8.5801E-01  6.5528E-02  8.0188E-01
   36.00  7.3689E+02 -1.9140E-01  8.7603E-01  8.5214E-01  7.2831E-02  7.9507E-01
   37.00  7.1885E+02 -2.0870E-01  8.6939E-01  8.4370E-01  7.7378E-02  7.8266E-01
   38.00  6.8229E+02 -2.2608E-01  8.6014E-01  8.2821E-01  7.7901E-02  7.6326E-01
   39.00  6.4118E+02 -2.3620E-01  8.4971E-01  8.1263E-01  7.9105E-02  7.4502E-01
   40.00  6.1715E+02 -2.4827E-01  8.4137E-01  8.0470E-01  7.8883E-02  7.3401E-01
   41.00  6.0216E+02 -2.6329E-01  8.3381E-01  7.9597E-01  8.1573E-02  7.2209E-01
   42.00  5.8063E+02 -2.7147E-01  8.2262E-01  7.8021E-01  8.5635E-02  7.0279E-01
   43.00  5.5819E+02 -2.7682E-01  8.0908E-01  7.6422E-01  7.9689E-02  6.8136E-01
   44.00  5.4129E+02 -2.9034E-01  7.9629E-01  7.4929E-01  7.3496E-02  6.5992E-01
   45.00  5.1921E+02 -3.0564E-01  7.8183E-01  7.2966E-01  7.5970E-02  6.3351E-01
   46.00  4.9788E+02 -3.1729E-01  7.6919E-01  7.0954E-01  7.7959E-02  6.0801E-01
   47.00  4.8735E+02 -3.3019E-01  7.6256E-01  6.9212E-01  7.9941E-02  5.8850E-01
   48.00  4.7238E+02 -3.4723E-01  7.5237E-01  6.6931E-01  8.3987E-02  5.6257E-01
   49.00  4.5457E+02 -3.6424E-01  7.3792E-01  6.4579E-01  7.9415E-02  5.3369E-01
   50.00  4.4534E+02 -3.7528E-01  7.2771E-01  6.3026E-01  7.3522E-02  5.1509E-01
   51.00  4.3816E+02 -3.8488E-01  7.1935E-01  6.1396E-01  7.8354E-02  4.9774E-01
   52.00  4.3235E+02 -3.9711E-01  7.1049E-01  5.9282E-01  8.1107E-02  4.7478E-01
   53.00  4.3052E+02 -4.1027E-01  7.0304E-01  5.7332E-01  7.7071E-02  4.5228E-01
   54.00  4.3005E+02 -4.2180E-01  6.9646E-01  5.5653E-01  7.5945E-02  4.3253E-01
   55.00  4.2912E+02 -4.3044E-01  6.8903E-01  5.3887E-01  8.2619E-02  4.1212E-01
   56.00  4.2483E+02 -4.3712E-01  6.7961E-01  5.1950E-01  8.8203E-02  3.8961E-01
   57.00  4.1904E+02 -4.4548E-01  6.7070E-01  5.0172E-01  8.7762E-02  3.7022E-01
   58.00  4.1589E+02 -4.5777E-01  6.6462E-01  4.8495E-01  8.9114E-02  3.5479E-01
   59.00  4.1583E+02 -4.7138E-01  6.6052E-01  4.6464E-01  9.2098E-02  3.3784E-01
   60.00  4.1816E+02 -4.8345E-01  6.5764E-01  4.4256E-01  9.0139E-02  3.1989E-01
   61.00  4.2001E+02 -4.9388E-01  6.5311E-01  4.2093E-01  8.7311E-02  3.0171E-01
   62.00  4.1826E+02 -5.0252E-01  6.4387E-01  3.9734E-01  9.0363E-02  2.7934E-01
   63.00  4.1488E+02 -5.0756E-01  6.3337E-01  3.7255E-01  9.3789E-02  2.5415E-01
   64.00  4.1505E+02 -5.1169E-01  6.2698E-01  3.5067E-01  9.3330E-02  2.3289E-01
   65.00  4.1831E+02 -5.1763E-01  6.2273E-01  3.3128E-01  9.2951E-02  2.1464E-01
   66.00  4.1836E+02 -5.2403E-01  6.1651E-01  3.0963E-01  9.4348E-02  1.9371E-01
   67.00  4.1460E+02 -5.2972E-01  6.1013E-01  2.8609E-01  9.2546E-02  1.7310E-01
   68.00  4.1216E+02 -5.3437E-01  6.0619E-01  2.6381E-01  8.9204E-02  1.5563E-01
   69.00  4.1151E+02 -5.3718E-01  6.0216E-01  2.4142E-01  8.8487E-02  1.3473E-01
   70.00  4.1205E+02 -5.3768E-01  5.9639E-01  2.2015E-01  9.0338E-02  1.1053E-01
   71.00  4.1556E+02 -5.3698E-01  5.9116E-01  2.0122E-01  9.6443E-02  8.7747E-02
   72.00  4.1999E+02 -5.3665E-01  5.8701E-01  1.8071E-01  1.0181E-01  6.4135E-02
   73.00  4.2342E+02 -5.3662E-01  5.8295E-01  1.5888E-01  1.0373E-01  4.0747E-02
   74.00  4.2754E+02 -5.3490E-01  5.7984E-01  1.3697E-01  1.0477E-01  2.0233E-02
   75.00  4.3180E+02 -5.3268E-01  5.7785E-01  1.1342E-01  1.0407E-01  1.6454E-04
   76.00  4.3395E+02 -5.3119E-01  5.7565E-01  8.8663E-02  9.8172E-02 -2.1258E-02
   77.00  4.3580E+02 -5.3072E-01  5.7443E-01  6.3918E-02  9.0972E-02 -4.2307E-02
   78.00  4.3805E+02 -5.3013E-01  5.7426E-01  3.8994E-02  8.9337E-02 -6.1462E-02
   79.00  4.3772E+02 -5.2647E-01  5.6995E-01  1.5664E-02  9.1417E-02 -7.9075E-02
   80.00  4.3620E+02 -5.2110E-01  5.5909E-01 -2.6137E-03  9.2688E-02 -9.5350E-02
   81.00  4.3812E+02 -5.1643E-01  5.4805E-01 -1.7951E-02  9.1447E-02 -1.1032E-01
   82.00  4.4404E+02 -5.1331E-01  5.4395E-01 -3.8433E-02  8.9457E-02 -1.2726E-01
   83.00  4.5121E+02 -5.1035E-01  5.4607E-01 -6.7517E-02  8.8454E-02 -1.5038E-01
   84.00  4.5879E+02 -5.0641E-01  5.5085E-01 -9.5338E-02  8.8667E-02 -1.7226E-01
   85.00  4.6726E+02 -5.0437E-01  5.5581E-01 -1.1453E-01  8.8789E-02 -1.8478E-01
   86.00  4.7449E+02 -5.0381E-01  5.5867E-01 -1.3197E-01  8.7405E-02 -1.9427E-01
   87.00  4.7855E+02 -4.9856E-01  5.5928E-01 -1.5215E-01  8.2852E-02 -2.0728E-01
   88.00  4.8234E+02 -4.8952E-01  5.5931E-01 -1.7269E-01  7.6987E-02 -2.2359E-01
   89.00  4.8886E+02 -4.8436E-01  5.5998E-01 -1.9148E-01  7.3961E-02 -2.4050E-01
   90.00  4.9674E+02 -4.8292E-01  5.6107E-01 -2.0816E-01  7.4949E-02 -2.5531E-01
   91.00  5.0398E+02 -4.8002E-01  5.6090E-01 -2.2363E-01  7.5462E-02 -2.6819E-01
   92.00  5.1142E+02 -4.7478E-01  5.5927E-01 -2.3778E-01  7.2239E-02 -2.7986E-01
   93.00  5.2112E+02 -4.6674E-01  5.5927E-01 -2.5373E-01  7.1123E-02 -2.9298E-01
   94.00  5.3187E+02 -4.5532E-01  5.6294E-01 -2.7512E-01  7.1271E-02 -3.1018E-01
   95.00  5.3968E+02 -4.4260E-01  5.6793E-01 -2.9683E-01  7.0858E-02 -3.2681E-01
   96.00  5.4425E+02 -4.2713E-01  5.7026E-01 -3.1575E-01  7.0292E-02 -3.3974E-01
   97.00  5.5029E+02 -4.1334E-01  5.7005E-01 -3.3398E-01  6.4664E-02 -3.5160E-01
   98.00  5.6011E+02 -4.0801E-01  5.7007E-01 -3.4873E-01  5.6601E-02 -3.6165E-01
   99.00  5.7131E+02 -4.0503E-01  5.7069E-01 -3.5920E-01  5.1644E-02 -3.6972E-01
  100.00  5.8064E+02 -3.9813E-01  5.7098E-01 -3.6935E-01  4.8039E-02 -3.7911E-01
  101.00  5.8785E+02 -3.8652E-01  5.6999E-01 -3.7771E-01  4.5432E-02 -3.8617E-01
  102.00  5.9478E+02 -3.7289E-01  5.6741E-01 -3.8279E-01  4.3683E-02 -3.8651E-01
  103.00  6.0099E+02 -3.6304E-01  5.6494E-01 -3.9024E-01  3.9405E-02 -3.8628E-01
  104.00  6.0708E+02 -3.5680E-01  5.6654E-01 -4.0296E-01  3.7010E-02 -3.9190E-01
  105.00  6.1627E+02 -3.4972E-01  5.7452E-01 -4.1836E-01  3.7516E-02 -4.0392E-01
  106.00  6.3087E+02 -3.4168E-01  5.8530E-01 -4.3308E-01  3.4868E-02 -4.1858E-01
  107.00  6.4864E+02 -3.3228E-01  5.9200E-01 -4.4520E-01  3.1969E-02 -4.2987E-01
  108.00  6.6310E+02 -3.2028E-01  5.9231E-01 -4.5481E-01  3.5085E-02 -4.3508E-01
  109.00  6.7260E+02 -3.0593E-01  5.9087E-01 -4.6263E-01  3.9069E-02 -4.3607E-01
  110.00  6.8067E+02 -2.9198E-01  5.9194E-01 -4.7225E-01  3.4603E-02 -4.3936E-01
  111.00  6.8905E+02 -2.8274E-01  5.9591E-01 -4.8587E-01  2.6862E-02 -4.4913E-01
  112.00  6.9893E+02 -2.7624E-01  6.0091E-01 -4.9936E-01  2.5554E-02 -4.5932E-01
  113.00  7.1353E+02 -2.7109E-01  6.0462E-01 -5.0907E-01  3.0226E-02 -4.6358E-01
  114.00  7.3374E+02 -2.6959E-01  6.0822E-01 -5.1709E-01  3.3827E-02 -4.6614E-01
  115.00  7.5364E+02 -2.6849E-01  6.1274E-01 -5.2738E-01  3.1603E-02 -4.7232E-01
  116.00  7.6501E+02 -2.6146E-01  6.1430E-01 -5.3923E-01  2.5613E-02 -4.7776E-01
  117.00  7.6918E+02 -2.4986E-01  6.1181E-01 -5.4780E-01  2.1306E-02 -4.7745E-01
  118.00  7.7683E+02 -2.3837E-01  6.1162E-01 -5.5372E-01  1.9419E-02 -4.7787E-01
  119.00  7.9452E+02 -2.2663E-01  6.1780E-01 -5.6215E-01  1.7308E-02 -4.8626E-01
  120.00  8.1848E+02 -2.1811E-01  6.2572E-01 -5.7104E-01  1.4424E-02 -4.9677E-01
  121.00  8.3871E+02 -2.1763E-01  6.3009E-01 -5.7661E-01  1.0159E-02 -5.0288E-01
  122.00  8.4830E+02 -2.2069E-01  6.3209E-01 -5.8010E-01  4.3288E-03 -5.0584E-01
  123.00  8.5085E+02 -2.1739E-01  6.3553E-01 -5.8280E-01 -1.6892E-03 -5.0844E-01
  124.00  8.5840E+02 -2.0365E-01  6.4245E-01 -5.8791E-01 -2.7281E-03 -5.1437E-01
  125.00  8.7452E+02 -1.8515E-01  6.5017E-01 -5.9821E-01  2.0983E-03 -5.2329E-01
  126.00  8.8672E+02 -1.7145E-01  6.5243E-01 -6.0716E-01  7.1615E-03 -5.2643E-01
  127.00  8.8946E+02 -1.6545E-01  6.4995E-01 -6.0984E-01  1.2315E-02 -5.2253E-01
  128.00  8.9578E+02 -1.6040E-01  6.4981E-01 -6.1184E-01  1.9536E-02 -5.2212E-01
  129.00  9.1581E+02 -1.5155E-01  6.5369E-01 -6.1647E-01  2.0839E-02 -5.2879E-01
  130.00  9.4247E+02 -1.4178E-01  6.5791E-01 -6.2135E-01  1.1747E-02 -5.3571E-01
  131.00  9.6249E+02 -1.3383E-01  6.5855E-01 -6.2708E-01  2.1252E-03 -5.3661E-01
  132.00  9.7523E+02 -1.2879E-01  6.5539E-01 -6.3368E-01 -2.2358E-03 -5.3140E-01
  133.00  9.9146E+02 -1.2781E-01  6.5694E-01 -6.3859E-01 -4.3254E-03 -5.2925E-01
  134.00  1.0116E+03 -1.2493E-01  6.6794E-01 -6.4079E-01 -6.1566E-03 -5.3380E-01
  135.00  1.0244E+03 -1.1381E-01  6.7614E-01 -6.4147E-01 -2.5959E-03 -5.3401E-01
  136.00  1.0294E+03 -1.0006E-01  6.7224E-01 -6.4435E-01  4.8772E-03 -5.2717E-01
  137.00  1.0411E+03 -9.5970E-02  6.6662E-01 -6.4973E-01  5.3429E-03 -5.2247E-01
  138.00  1.0635E+03 -1.0237E-01  6.6876E-01 -6.5617E-01  1.8507E-03 -5.2437E-01
  139.00  1.0840E+03 -1.0693E-01  6.7172E-01 -6.6133E-01  5.8858E-03 -5.2635E-01
  140.00  1.0913E+03 -1.0360E-01  6.7052E-01 -6.6081E-01  1.0088E-02 -5.2123E-01
  141.00  1.0982E+03 -9.5202E-02  6.7423E-01 -6.6353E-01  1.7693E-03 -5.2071E-01
  142.00  1.1328E+03 -8.8403E-02  6.8788E-01 -6.7662E-01 -1.3105E-02 -5.3461E-01
  143.00  1.1817E+03 -8.4852E-02  6.9672E-01 -6.8524E-01 -2.6564E-02 -5.4484E-01
  144.00  1.2044E+03 -8.1545E-02  6.9385E-01 -6.8362E-01 -3.0887E-02 -5.4211E-01
  145.00  1.2103E+03 -7.8444E-02  6.9312E-01 -6.8508E-01 -2.4462E-02 -5.4154E-01
  146.00  1.2227E+03 -7.2555E-02  6.9730E-01 -6.9119E-01 -1.4260E-02 -5.4282E-01
  147.00  1.2278E+03 -6.3292E-02  6.9355E-01 -6.8887E-01 -4.6802E-03 -5.2850E-01
  148.00  1.2291E+03 -5.5556E-02  6.8759E-01 -6.7945E-01 -4.3134E-03 -5.0840E-01
  149.00  1.2411E+03 -5.1015E-02  6.9257E-01 -6.7610E-01 -1.0327E-02 -5.0518E-01
  150.00  1.2411E+03 -4.9162E-02  6.9927E-01 -6.8057E-01 -1.6609E-02 -5.1175E-01
  151.00  1.2303E+03 -4.9767E-02  6.9772E-01 -6.8439E-01 -2.5600E-02 -5.1032E-01
  152.00  1.2478E+03 -4.9923E-02  6.9725E-01 -6.8854E-01 -3.0999E-02 -5.0796E-01
  153.00  1.2886E+03 -4.2289E-02  7.0496E-01 -6.9800E-01 -2.1440E-02 -5.1695E-01
  154.00  1.3147E+03 -2.5335E-02  7.1021E-01 -7.0432E-01 -5.6536E-03 -5.2364E-01
  155.00  1.3253E+03 -1.3509E-02  7.0420E-01 -7.0465E-01 -4.3857E-03 -5.1769E-01
  156.00  1.3506E+03 -1.2888E-02  6.9790E-01 -7.0746E-01 -1.2763E-02 -5.1261E-01
  157.00  1.3872E+03 -9.2387E-03  7.0199E-01 -7.1183E-01 -1.4167E-02 -5.1558E-01
  158.00  1.4035E+03 -2.8947E-03  7.0718E-01 -7.1029E-01 -1.0642E-02 -5.1418E-01
  159.00  1.4080E+03 -9.3290E-03  7.0719E-01 -7.0421E-01 -1.0192E-02 -5.0513E-01
  160.00  1.4282E+03 -2.1718E-02  7.0969E-01 -7.0451E-01 -1.1789E-02 -5.0481E-01
  161.00  1.4614E+03 -2.0893E-02  7.1947E-01 -7.1432E-01 -1.0761E-02 -5.1918E-01
  162.00  1.5031E+03 -1.3168E-02  7.3275E-01 -7.2548E-01 -3.9546E-03 -5.3510E-01
  163.00  1.5341E+03 -6.3428E-03  7.4013E-01 -7.2966E-01  3.1708E-03 -5.3740E-01
  164.00  1.5150E+03  4.2666E-03  7.3347E-01 -7.2193E-01  6.9500E-04 -5.1752E-01
  165.00  1.4774E+03  1.4911E-02  7.2108E-01 -7.1361E-01 -1.1437E-02 -4.9408E-01
  166.00  1.5039E+03  1.6733E-02  7.2485E-01 -7.2148E-01 -2.5526E-02 -5.0103E-01
  167.00  1.5745E+03  1.5064E-02  7.4133E-01 -7.3410E-01 -2.9537E-02 -5.2359E-01
  168.00  1.6021E+03  1.8702E-02  7.4652E-01 -7.3143E-01 -1.9328E-02 -5.2118E-01
  169.00  1.5901E+03  2.1280E-02  7.3486E-01 -7.2227E-01 -2.1335E-03 -4.9710E-01
  170.00  1.5908E+03  2.0924E-02  7.1911E-01 -7.3017E-01  4.4567E-03 -4.8524E-01
  171.00  1.5943E+03  2.1318E-02  7.1285E-01 -7.4102E-01 -4.1173E-03 -4.8433E-01
  172.00  1.5706E+03  2.0804E-02  7.1850E-01 -7.3616E-01 -8.8230E-03 -4.7967E-01
  173.00  1.5627E+03  1.6490E-02  7.2770E-01 -7.3391E-01 -5.0994E-03 -4.8204E-01
  174.00  1.6211E+03  1.0901E-02  7.3603E-01 -7.4642E-01 -9.4875E-03 -4.9893E-01
  175.00  1.6997E+03  1.4679E-02  7.4593E-01 -7.5730E-01 -1.9171E-02 -5.1618E-01
  176.00  1.7402E+03  2.8921E-02  7.5453E-01 -7.5405E-01 -1.8175E-02 -5.1788E-01
  177.00  1.7543E+03  4.7254E-02  7.5331E-01 -7.4483E-01 -1.2695E-02 -5.0381E-01
  178.00  1.7830E+03  4.6875E-02  7.3590E-01 -7.3151E-01 -9.0128E-03 -4.7028E-01
  179.00  1.8304E+03  1.8420E-02  7.1084E-01 -7.1043E-01 -3.1984E-03 -4.2245E-01
  180.00  1.8547E+03  5.2495E-13  6.9891E-01 -6.9891E-01 -8.7268E-14 -3.9841E-01
 azimuthal averaged scattering matrix expansion coefficients
    n       11          44          12          34         22p         22m
    0  1.0000E+00  2.5659E-01  0.0000E+00  0.0000E+00  0.0000E+00  0.0000E+00
    1  7.1729E-01  1.6548E+00  0.0000E+00  0.0000E+00  0.0000E+00  0.0000E+00
    2  2.0997E+00  1.7436E+00 -3.7555E-01  5.6177E-02  2.2750E+00  8.7835E-01
    3  2.2302E+00  2.3362E+00 -3.2472E-02  3.7720E-02  2.4540E+00 -1.1825E-01
    4  2.7230E+00  2.6730E+00 -4.0118E-02  9.2119E-03  2.8169E+00  5.2007E-02
    5  2.9245E+00  2.9599E+00 -3.2902E-02  3.5527E-02  3.0695E+00 -3.0047E-02
    6  3.1736E+00  3.1434E+00 -2.6691E-02  2.2868E-02  3.2572E+00  2.3082E-02
    7  3.2667E+00  3.2934E+00 -3.2111E-02  3.7877E-02  3.3730E+00 -1.7012E-02
    8  3.3803E+00  3.3586E+00 -1.8340E-02  2.0501E-02  3.4498E+00  1.5950E-02
    9  3.4053E+00  3.4213E+00 -2.8609E-02  2.7401E-02  3.4856E+00 -9.4201E-03
   10  3.4328E+00  3.4244E+00 -9.3947E-03  2.2473E-02  3.4897E+00  8.5017E-03
   11  3.3891E+00  3.3948E+00 -2.3338E-02  2.2718E-02  3.4569E+00 -3.6494E-03
   12  3.3475E+00  3.3379E+00 -8.7501E-04  2.5410E-02  3.3926E+00  9.5739E-03
   13  3.2532E+00  3.2524E+00 -3.2852E-02  2.3001E-02  3.3039E+00 -4.4903E-03
   14  3.1508E+00  3.1630E+00 -2.2505E-02  2.5831E-02  3.2049E+00 -6.1690E-03
   15  3.0688E+00  3.0423E+00 -1.6357E-02  2.6247E-02  3.0937E+00  1.3082E-02
   16  2.9403E+00  2.9577E+00 -1.9460E-02  1.2969E-02  2.9824E+00 -7.8724E-03
   17  2.8315E+00  2.8340E+00 -2.1783E-02  2.5839E-02  2.8674E+00 -1.8207E-04
   18  2.7273E+00  2.7166E+00 -9.5183E-03  1.1121E-02  2.7460E+00  5.5010E-03
   19  2.5905E+00  2.6064E+00 -2.6814E-02  1.0142E-02  2.6271E+00 -7.1759E-03
   20  2.4952E+00  2.4685E+00 -7.0834E-03  9.9815E-03  2.5092E+00  1.2556E-02
   21  2.3472E+00  2.3854E+00 -2.5432E-02  1.3399E-02  2.3825E+00 -1.6922E-02
   22  2.2722E+00  2.2381E+00 -1.6036E-02  5.2200E-03  2.2743E+00  1.6672E-02
   23  2.1417E+00  2.1665E+00 -2.1419E-02  5.4394E-03  2.1710E+00 -1.2751E-02
   24  2.0733E+00  2.0569E+00 -8.8720E-03  4.7642E-03  2.0790E+00  7.0049E-03
   25  1.9651E+00  1.9682E+00 -2.1365E-02 -8.3807E-04  1.9800E+00 -3.5111E-03
   26  1.8754E+00  1.8840E+00 -1.5236E-02 -1.6423E-03  1.8931E+00 -2.3173E-03
   27  1.8031E+00  1.7907E+00 -1.3579E-02  2.8852E-03  1.8067E+00  3.7920E-03
   28  1.7078E+00  1.7207E+00 -1.0459E-02 -4.9866E-03  1.7229E+00 -3.3616E-03
   29  1.6405E+00  1.6381E+00 -1.0328E-02 -5.4936E-03  1.6517E+00  7.5123E-04
   30  1.5792E+00  1.5510E+00 -1.4730E-02 -1.8538E-03  1.5694E+00  1.1848E-02
   31  1.4756E+00  1.5198E+00 -1.1007E-02 -1.4783E-02  1.5089E+00 -2.1588E-02
   32  1.4592E+00  1.4248E+00 -1.5731E-02  3.5073E-03  1.4438E+00  1.5977E-02
   33  1.3766E+00  1.3879E+00 -7.5658E-03 -8.6932E-03  1.3929E+00 -5.8382E-03
   34  1.3428E+00  1.3358E+00 -1.1720E-02 -1.9265E-02  1.3374E+00  2.6299E-03
   35  1.2823E+00  1.2760E+00 -5.1179E-03  2.1849E-03  1.2916E+00  3.7304E-04
   36  1.2339E+00  1.2527E+00 -1.0108E-02 -1.7981E-02  1.2396E+00 -7.7007E-03
   37  1.1952E+00  1.1840E+00 -1.2520E-02 -7.7864E-03  1.2007E+00  1.0366E-02
   38  1.1602E+00  1.1574E+00  6.3474E-03 -9.1547E-03  1.1588E+00 -2.2264E-03
   39  1.1086E+00  1.1135E+00 -1.9186E-02 -1.9774E-02  1.1159E+00 -7.0385E-03
   40  1.0776E+00  1.0628E+00  3.6430E-03 -6.2743E-03  1.0732E+00  7.1681E-03
   41  1.0186E+00  1.0336E+00 -1.0650E-02 -8.0746E-03  1.0310E+00 -6.9099E-03
   42  9.8908E-01  9.7860E-01 -5.2505E-03 -1.7559E-02  9.8343E-01  5.8119E-03
   43  9.3334E-01  9.4262E-01 -6.3591E-03  5.2310E-04  9.4514E-01 -5.7038E-03
   44  9.0316E-01  8.9019E-01 -2.1000E-03 -2.7143E-02  8.9439E-01  4.4235E-03
   45  8.4592E-01  8.5625E-01 -1.7988E-02 -1.1003E-03  8.6070E-01 -3.1284E-03
   46  8.2080E-01  8.2579E-01 -4.5658E-03 -2.3346E-02  8.1798E-01 -1.7693E-03
   47  7.9336E-01  7.6363E-01  1.6429E-03 -4.9632E-03  7.8762E-01  1.3176E-02
   48  7.3418E-01  7.6561E-01 -1.9696E-02 -1.7017E-02  7.4773E-01 -1.2611E-02
   49  7.1942E-01  7.0212E-01 -1.1955E-02 -1.4878E-02  7.1408E-01  6.9794E-03
   50  6.7781E-01  6.8897E-01 -5.7665E-03 -1.2354E-02  6.8435E-01 -6.5684E-03
   51  6.5444E-01  6.3285E-01 -1.5286E-02 -2.2910E-02  6.4828E-01  1.2763E-02
   52  5.9941E-01  6.3157E-01 -1.0420E-02 -4.5781E-03  6.1362E-01 -1.6196E-02
   53  5.9936E-01  5.6603E-01 -1.1654E-02 -2.4195E-02  5.8667E-01  1.6175E-02
   54  5.3914E-01  5.6335E-01  1.3301E-03 -1.3571E-02  5.5127E-01 -1.1640E-02
   55  5.2530E-01  5.0355E-01 -1.6605E-02 -1.0908E-02  5.1701E-01  1.0948E-02
   56  4.7379E-01  4.9506E-01 -2.4156E-04 -1.8648E-02  4.8571E-01 -1.0679E-02
   57  4.6050E-01  4.3438E-01 -1.2094E-02 -9.5428E-03  4.4735E-01  1.1691E-02
   58  4.0594E-01  4.2546E-01 -4.1778E-03 -9.3452E-03  4.1925E-01 -8.2187E-03
   59  3.8164E-01  3.8179E-01 -1.7040E-03 -1.7219E-02  3.7970E-01  1.2056E-03
   60  3.5234E-01  3.3074E-01 -2.8136E-03 -7.8035E-03  3.4497E-01  1.0815E-02
   61  2.8600E-01  3.0911E-01 -1.0262E-02 -1.3469E-02  3.0031E-01 -9.3538E-03
   62  2.6132E-01  2.4972E-01  3.4504E-03 -6.5013E-03  2.5554E-01  5.8353E-03
   63  2.0691E-01  2.1915E-01 -2.0278E-02 -1.3517E-02  2.1210E-01 -3.9051E-03
   64  1.6959E-01  1.6280E-01  1.7689E-03 -9.8095E-03  1.7348E-01  4.2897E-03
   65  1.3311E-01  1.3784E-01 -8.2389E-03 -4.1011E-03  1.3127E-01 -2.5040E-03
   66  1.0324E-01  9.1938E-02 -7.3500E-03 -1.4777E-02  1.0072E-01  5.4983E-03
   67  5.4670E-02  7.1428E-02 -7.2399E-03 -6.0953E-03  6.4836E-02 -8.4803E-03
   68  4.2902E-02  3.0054E-02 -7.6540E-03 -1.4463E-02  3.5466E-02  9.5658E-03
   69  5.2464E-03  9.2809E-03 -1.2330E-02 -8.6694E-03  1.1082E-02 -3.0801E-03
   70 -8.8571E-03 -3.4184E-03 -5.9391E-03 -1.4109E-02 -9.0247E-03 -1.8846E-03
   71 -2.8659E-02 -3.1215E-02 -1.4251E-02 -5.2561E-03 -2.7058E-02  1.6758E-03
   72 -3.4784E-02 -3.4884E-02 -4.7100E-03 -1.7649E-02 -3.4738E-02 -9.8366E-04
   73 -4.4763E-02 -5.1217E-02 -1.0574E-02 -4.5500E-03 -4.8131E-02  4.4158E-03
   74 -6.0073E-02 -4.0370E-02 -8.2962E-03 -1.3204E-02 -5.1777E-02 -1.0805E-02
   75 -3.6321E-02 -7.0768E-02 -7.7869E-03 -1.3508E-02 -4.9034E-02  1.6499E-02
   76 -7.1375E-02 -3.2899E-02 -2.6862E-03 -1.6951E-02 -5.8702E-02 -1.9695E-02
   77 -4.4753E-02 -7.5658E-02 -1.0497E-02 -1.8676E-02 -5.4356E-02  1.4614E-02
   78 -7.1243E-02 -6.1438E-02  2.2789E-04 -1.2903E-02 -7.0538E-02 -4.6231E-03
   79 -9.0630E-02 -7.6588E-02 -1.1222E-02 -2.5020E-02 -7.9833E-02 -6.2762E-03
   80 -8.9751E-02 -1.0782E-01  7.7012E-05 -1.1754E-02 -1.0219E-01  7.8471E-03
   81 -1.3468E-01 -1.1843E-01 -1.1974E-02 -2.1515E-02 -1.2209E-01 -6.9374E-03
   82 -1.4380E-01 -1.4938E-01 -5.9109E-03 -2.0012E-02 -1.4912E-01  3.5049E-03
   83 -1.8005E-01 -1.7496E-01 -4.2287E-03 -2.1325E-02 -1.7532E-01 -1.6503E-03
   84 -2.0445E-01 -2.1753E-01 -4.9447E-03 -2.4891E-02 -2.0972E-01  6.5004E-03
   85 -2.5975E-01 -2.3960E-01 -4.0544E-03 -2.5449E-02 -2.5034E-01 -1.0257E-02
   86 -2.9047E-01 -3.1601E-01 -2.1793E-03 -2.8776E-02 -2.9909E-01  1.3278E-02
   87 -3.6869E-01 -3.4487E-01  3.0976E-04 -2.7891E-02 -3.5843E-01 -1.3087E-02
   88 -4.1981E-01 -4.4512E-01  3.9031E-03 -2.4982E-02 -4.2823E-01  1.2384E-02
   89 -5.2746E-01 -5.1179E-01 -6.2790E-03 -3.0370E-02 -5.1893E-01 -8.4218E-03
   90 -6.1821E-01 -6.2241E-01 -1.4913E-03 -2.4566E-02 -6.1865E-01  2.9024E-03
   91 -7.3589E-01 -7.4019E-01 -7.1508E-03 -2.8680E-02 -7.3396E-01  2.8797E-03
   92 -8.6423E-01 -8.5629E-01 -6.4956E-03 -2.7261E-02 -8.6085E-01 -4.1710E-03
   93 -1.0025E+00 -1.0051E+00 -1.2162E-02 -2.8512E-02 -9.9886E-01  2.0376E-03
   94 -1.1422E+00 -1.1442E+00 -5.4446E-03 -2.4493E-02 -1.1406E+00  4.4557E-04
   95 -1.2982E+00 -1.2907E+00 -1.2818E-02 -3.6409E-02 -1.2937E+00 -3.4093E-03
   96 -1.4411E+00 -1.4525E+00 -4.9322E-03 -3.3218E-02 -1.4403E+00  5.4905E-03
   97 -1.6018E+00 -1.5939E+00 -7.1415E-03 -3.7413E-02 -1.5985E+00 -5.9106E-03
   98 -1.7499E+00 -1.7538E+00 -8.3111E-03 -4.1482E-02 -1.7460E+00  2.1957E-03
   99 -1.8996E+00 -1.9022E+00 -3.9151E-03 -3.4681E-02 -1.8994E+00  6.7815E-04
  100 -2.0486E+00 -2.0402E+00 -8.1708E-03 -4.0070E-02 -2.0414E+00 -4.3608E-03
  101 -2.1726E+00 -2.1889E+00 -3.7574E-03 -3.1246E-02 -2.1788E+00  8.5468E-03
  102 -2.3138E+00 -2.2929E+00 -9.0413E-03 -3.1594E-02 -2.3007E+00 -1.0843E-02
  103 -2.3991E+00 -2.4230E+00 -3.8465E-03 -2.8771E-02 -2.4102E+00  1.2384E-02
  104 -2.5031E+00 -2.4863E+00 -3.4253E-03 -2.2813E-02 -2.4929E+00 -8.4422E-03
  105 -2.5565E+00 -2.5678E+00 -4.0863E-03 -1.9604E-02 -2.5622E+00  5.8446E-03
  106 -2.6096E+00 -2.6076E+00 -6.8248E-04 -1.4447E-02 -2.6075E+00 -7.3175E-04
  107 -2.6383E+00 -2.6357E+00 -6.5272E-03 -7.0222E-03 -2.6370E+00 -1.5998E-03
  108 -2.6398E+00 -2.6451E+00 -2.3277E-03 -6.2580E-03 -2.6432E+00  2.8886E-03
  109 -2.6310E+00 -2.6252E+00 -6.4012E-03 -1.9400E-03 -2.6283E+00 -2.5859E-03
  110 -2.5870E+00 -2.5917E+00 -6.7072E-04 -1.4526E-03 -2.5911E+00  2.5374E-03
  111 -2.5337E+00 -2.5304E+00 -4.5900E-03  3.1388E-03 -2.5340E+00 -5.9678E-04
  112 -2.4537E+00 -2.4533E+00  1.2032E-03  1.4020E-03 -2.4550E+00  6.1464E-04
  113 -2.3580E+00 -2.3573E+00  1.6338E-03  6.6696E-03 -2.3603E+00  2.9115E-04
  114 -2.2501E+00 -2.2486E+00  3.3654E-03  4.8352E-03 -2.2515E+00  3.8186E-04
  115 -2.1302E+00 -2.1305E+00  5.5021E-03  7.1985E-03 -2.1327E+00  3.6618E-04
  116 -2.0080E+00 -2.0080E+00  5.7901E-03  5.5482E-03 -2.0106E+00  3.4361E-04
  117 -1.8865E+00 -1.8830E+00  5.3990E-03  8.0329E-03 -1.8873E+00 -1.1773E-03
  118 -1.7628E+00 -1.7660E+00  4.7024E-03  8.6695E-03 -1.7665E+00  1.8552E-03
  119 -1.6502E+00 -1.6463E+00  3.7841E-03  8.2393E-03 -1.6505E+00 -1.5179E-03
  120 -1.5384E+00 -1.5394E+00  3.1450E-03  1.1822E-02 -1.5411E+00  6.4310E-04
  121 -1.4366E+00 -1.4381E+00  2.9203E-03  1.4222E-02 -1.4388E+00  8.2387E-04
  122 -1.3441E+00 -1.3402E+00  8.3742E-04  1.7932E-02 -1.3443E+00 -1.7653E-03
  123 -1.2510E+00 -1.2543E+00 -9.5285E-04  2.0171E-02 -1.2537E+00  1.7510E-03
  124 -1.1675E+00 -1.1641E+00 -1.3551E-03  2.1174E-02 -1.1676E+00 -1.7295E-03
  125 -1.0777E+00 -1.0791E+00 -3.1852E-03  2.2883E-02 -1.0796E+00  6.0382E-04
  126 -9.8954E-01 -9.8913E-01 -3.3938E-03  1.9557E-02 -9.9109E-01 -8.7404E-05
  127 -8.9761E-01 -8.9583E-01 -4.1760E-03  1.8354E-02 -8.9835E-01 -8.1918E-04
  128 -8.0147E-01 -8.0232E-01 -2.0979E-03  1.5823E-02 -8.0349E-01  6.3666E-04
  129 -7.0789E-01 -7.0710E-01 -1.7709E-03  1.2270E-02 -7.0897E-01 -2.5463E-04
  130 -6.1245E-01 -6.1331E-01 -6.1545E-04  1.0359E-02 -6.1466E-01  5.1557E-04
  131 -5.2527E-01 -5.2449E-01  4.8481E-04  7.3621E-03 -5.2600E-01 -1.9473E-04
  132 -4.4220E-01 -4.4222E-01  1.1282E-03  6.1172E-03 -4.4357E-01  1.5386E-04
  133 -3.6812E-01 -3.6803E-01  1.5689E-03  5.1915E-03 -3.6907E-01  4.2323E-05
  134 -3.0204E-01 -3.0209E-01  1.6184E-03  3.0824E-03 -3.0309E-01  1.1454E-04
  135 -2.4494E-01 -2.4488E-01  1.8077E-03  2.7635E-03 -2.4558E-01 -1.5785E-06
  136 -1.9634E-01 -1.9630E-01  2.0651E-03  2.7196E-03 -1.9703E-01 -2.9006E-05
  137 -1.5553E-01 -1.5593E-01  1.2749E-03  1.4905E-03 -1.5634E-01  1.4099E-04
  138 -1.2178E-01 -1.2206E-01  1.6486E-03  1.8895E-03 -1.2237E-01  9.3727E-05
  139 -9.4571E-02 -9.4434E-02  8.9132E-04  6.2478E-04 -9.4904E-02 -6.5434E-05
  140 -7.1033E-02 -7.1214E-02  6.1870E-04  1.0010E-03 -7.1386E-02  1.0988E-04
  141 -5.2117E-02 -5.2124E-02  3.1075E-04 -1.4680E-04 -5.2435E-02  4.2242E-05
  142 -3.6216E-02 -3.6175E-02  2.8439E-04 -4.6807E-04 -3.6348E-02 -2.3822E-05
  143 -2.3721E-02 -2.3745E-02  5.9051E-04  7.0106E-06 -2.3907E-02  3.5575E-05
  144 -1.4006E-02 -1.4082E-02  3.8095E-04 -3.8663E-04 -1.4146E-02  7.3141E-05
  145 -7.8256E-03 -7.7586E-03  8.2767E-05  2.8926E-04 -7.8715E-03 -3.1335E-05
  146 -3.4385E-03 -3.4663E-03  4.3286E-04  1.4474E-04 -3.4963E-03  2.9319E-05
  147 -1.2065E-03 -1.1740E-03 -1.7630E-04  3.7509E-04 -1.1872E-03 -1.6730E-05
  148 -2.7207E-04 -1.6187E-04  5.3510E-06  9.0775E-04 -2.3118E-04 -5.5902E-05
  149  2.5402E-04  2.8345E-04 -3.0672E-04  5.6039E-04  2.6824E-04 -4.2099E-06
  150 -1.0139E-04 -8.0707E-05 -4.4349E-04  1.0017E-03 -8.4723E-05  1.5181E-06
  151  2.3135E-04  2.0805E-04 -1.0967E-04  5.6893E-04  2.0679E-04  1.8972E-05
  152 -1.7873E-04 -2.0003E-04 -4.1946E-04  6.1258E-04 -1.9141E-04  2.2190E-05
  153 -6.6238E-05 -2.0630E-05  2.4963E-06  7.4392E-04 -3.6425E-05 -1.1094E-05
  154 -2.3037E-04 -2.3441E-04 -4.0293E-04  2.0319E-04 -2.2630E-04  1.3494E-05
  155 -9.3741E-05 -1.2267E-04  3.7562E-05  5.6446E-04 -8.8096E-05  2.2583E-05
  156 -2.2297E-04 -1.6891E-04 -3.8022E-04  3.2709E-04 -2.0116E-04 -2.7460E-05
  157 -4.3717E-05 -2.7708E-05 -8.7855E-05  2.4185E-04 -3.5776E-05 -3.3232E-06
  158 -1.4538E-04 -1.2857E-04 -4.1568E-04  6.2711E-04 -1.2536E-04 -1.6022E-05
  159  8.9679E-06 -6.2666E-06 -5.8273E-05  7.5335E-05 -1.7042E-05  1.5544E-06
  160 -1.7504E-04 -1.0726E-04 -4.8806E-04  8.1131E-04 -1.2882E-04 -3.9586E-05
