    0.00  3.3052E+13  9.9244E-06  4.9973E-01  4.9973E-01  9.3307E-07 -2.2951E-04
    1.00  2.3819E+13  1.6954E-02  4.9886E-01  4.9958E-01  1.3798E-03 -2.0933E-04
    2.00  8.1791E+12  9.8247E-02  4.9002E-01  5.0395E-01  4.5585E-03 -1.3513E-04
    3.00  1.0166E+12  3.8699E-01  4.4679E-01  5.0957E-01 -5.3670E-03  6.1389E-05
    4.00  4.5347E+11 -3.3589E-01  5.9708E-01  2.8797E-01 -1.3051E-02 -9.7385E-05
    5.00  4.5596E+11 -4.1010E-01  5.9026E-01  3.1585E-01  1.6839E-02 -1.6555E-05
    6.00  1.7223E+11 -2.8715E-01  4.8804E-01  3.8409E-01  3.5491E-02  6.3263E-05
    7.00  8.6941E+10 -2.0611E-01  3.8584E-01  3.4357E-01  2.0394E-03 -8.7554E-06
    8.00  8.9104E+10 -1.0449E-01  2.5840E-01  2.4083E-01 -3.0020E-02  3.4140E-05
    9.00  1.0352E+11  6.0179E-02  1.7401E-01  2.1978E-01  3.8261E-02  3.8995E-05
   10.00  1.1108E+11  1.3705E-01  2.9405E-01  2.3232E-01  5.7051E-02 -1.0090E-05
   11.00  9.4654E+10  1.4409E-01  4.3517E-01  1.8228E-01  2.3566E-02 -2.0340E-05
   12.00  8.3860E+10  3.8633E-02  4.1882E-01  1.9277E-01  1.8775E-02  2.4114E-06
   13.00  9.7201E+10 -1.0887E-01  3.7922E-01  3.1850E-01  4.3877E-02  5.6429E-07
   14.00  1.3144E+11 -1.6631E-01  3.5545E-01  4.0353E-01  6.4706E-02  1.3651E-05
   15.00  1.4977E+11 -1.3790E-01  3.0671E-01  4.3797E-01  7.1939E-02  1.5380E-05
   16.00  1.4205E+11 -6.1294E-02  2.8507E-01  4.0925E-01  4.9302E-02  2.9370E-06
   17.00  1.2485E+11  1.5995E-02  3.1342E-01  3.4171E-01  2.3676E-02 -7.3356E-06
   18.00  1.0346E+11  2.6233E-03  3.4863E-01  2.9831E-01  3.9296E-02  6.3421E-06
   19.00  9.7999E+10 -3.1583E-02  3.4247E-01  3.0265E-01  7.4174E-02  2.7215E-06
   20.00  1.0250E+11  3.9454E-02  2.7761E-01  3.0724E-01  9.4670E-02 -2.1422E-06
   21.00  1.0109E+11  9.0761E-02  1.5936E-01  3.1306E-01  7.4327E-02  7.6932E-06
   22.00  9.1185E+10  6.3196E-02  9.0411E-02  3.3841E-01  2.4648E-02  4.2454E-06
   23.00  8.4615E+10 -1.8028E-02  1.4479E-01  3.6237E-01  2.0194E-03  2.5660E-06
   24.00  8.7381E+10 -9.7351E-02  2.1175E-01  3.5221E-01 -4.3246E-03  2.3029E-06
   25.00  8.3572E+10 -7.8902E-02  2.1687E-01  3.2112E-01 -1.3856E-02  4.5965E-07
   26.00  7.7783E+10  6.6883E-03  2.0804E-01  3.1616E-01 -1.3537E-02  1.2251E-06
   27.00  7.9110E+10 -1.8395E-02  2.1344E-01  3.3281E-01 -1.8088E-02 -1.9806E-06
   28.00  8.5328E+10 -1.3477E-01  2.1720E-01  3.2410E-01 -2.1418E-02 -6.5754E-06
   29.00  9.3148E+10 -1.7145E-01  2.2449E-01  3.0074E-01 -1.2864E-02  2.0411E-07
   30.00  9.4106E+10 -8.8549E-02  2.5186E-01  2.7443E-01 -5.1958E-03  7.4684E-06
   31.00  9.0900E+10  1.5768E-02  2.8392E-01  2.2501E-01  1.0456E-02  2.0892E-06
   32.00  9.1952E+10  3.3812E-02  2.6929E-01  1.8446E-01  3.1823E-02 -3.1688E-06
   33.00  9.4927E+10 -3.1228E-03  2.2531E-01  1.7580E-01  3.1622E-02 -9.1858E-07
   34.00  9.4260E+10 -4.9286E-02  1.8441E-01  1.7447E-01  2.8998E-02  1.8981E-07
   35.00  9.0387E+10 -9.5301E-02  1.5014E-01  1.9074E-01  4.6371E-02 -7.4629E-07
   36.00  9.3951E+10 -1.1074E-01  1.6582E-01  2.0856E-01  5.5433E-02 -2.2811E-06
   37.00  1.0450E+11 -9.9275E-02  2.1209E-01  1.9470E-01  4.1896E-02 -2.2537E-06
   38.00  1.0665E+11 -8.9245E-02  2.3043E-01  1.6542E-01  1.1833E-02  2.9080E-06
   39.00  1.0262E+11 -9.1343E-02  2.2079E-01  1.3083E-01 -1.6612E-02  8.0624E-06
   40.00  1.0141E+11 -1.1070E-01  1.9596E-01  1.1716E-01 -2.5272E-03  4.9578E-06
   41.00  9.8021E+10 -1.1502E-01  1.5909E-01  1.2930E-01  3.0711E-02 -4.0349E-07
   42.00  9.0306E+10 -8.9175E-02  1.2581E-01  1.0183E-01  5.0495E-02 -5.6557E-07
   43.00  8.6041E+10 -5.8328E-02  1.0306E-01  4.5044E-02  6.1593E-02  5.3791E-07
   44.00  8.7330E+10 -3.7183E-02  7.5025E-02  7.4078E-02  4.4107E-02  4.7652E-07
   45.00  8.7939E+10 -3.8070E-02  4.9227E-02  1.3600E-01  4.4040E-03 -1.5102E-06
   46.00  8.5228E+10 -4.4242E-02  5.0388E-02  1.1947E-01 -6.2602E-03 -1.9118E-06
   47.00  8.3379E+10 -3.3626E-02  7.3205E-02  8.0623E-02  8.7573E-03  2.4910E-06
   48.00  8.8315E+10 -3.5434E-02  7.2879E-02  1.1896E-01  1.0058E-02  4.9366E-06
   49.00  9.6780E+10 -5.8446E-02  6.0747E-02  1.7905E-01  6.6167E-03  3.9962E-06
   50.00  9.8352E+10 -7.9203E-02  6.6243E-02  1.8853E-01 -1.6582E-03  4.5815E-06
   51.00  9.4429E+10 -6.4761E-02  6.0319E-02  1.6101E-01 -2.3998E-02  7.3177E-06
   52.00  9.5228E+10 -1.0118E-02  3.8255E-02  1.3965E-01 -3.1952E-02  2.8890E-06
   53.00  9.7184E+10  1.0791E-03  6.0022E-02  1.1607E-01 -2.3090E-02 -2.8684E-06
   54.00  9.0861E+10 -5.9920E-02  1.1540E-01  7.5814E-02 -2.2574E-02 -3.8252E-07
   55.00  8.5370E+10 -1.0860E-01  1.4276E-01  6.5624E-02 -1.4315E-02  2.7884E-06
   56.00  8.9285E+10 -9.7826E-02  1.4939E-01  1.0190E-01  3.0538E-03  1.7476E-06
   57.00  9.2562E+10 -9.3899E-02  1.4909E-01  1.1987E-01 -3.9145E-03  1.6617E-06
   58.00  9.1226E+10 -8.4715E-02  1.3711E-01  1.0893E-01 -1.5764E-02  2.1876E-06
   59.00  8.9348E+10 -3.2546E-02  1.3837E-01  1.0791E-01 -5.8543E-03  2.6605E-07
   60.00  8.7437E+10 -1.3148E-02  1.4458E-01  1.3237E-01  1.9037E-03 -6.7145E-07
   61.00  8.7448E+10 -6.8951E-02  1.6491E-01  1.5142E-01  5.8096E-03 -1.1630E-06
   62.00  8.8860E+10 -1.0617E-01  1.9124E-01  1.1909E-01  1.6678E-02 -1.9559E-06
   63.00  9.0423E+10 -1.0556E-01  1.6748E-01  5.9317E-02  6.3992E-03 -5.0793E-07
   64.00  9.1259E+10 -9.6070E-02  1.1097E-01  5.5500E-02 -1.7620E-02  1.0800E-06
   65.00  8.7662E+10 -7.7491E-02  9.2671E-02  1.0625E-01 -2.0613E-02  3.1076E-06
   66.00  8.2189E+10 -8.7160E-02  1.2916E-01  1.3414E-01 -1.5498E-04  3.4804E-06
   67.00  8.0878E+10 -1.1917E-01  1.7470E-01  1.1142E-01  2.3676E-02 -5.8226E-07
   68.00  8.1093E+10 -1.0741E-01  1.8765E-01  8.3511E-02  2.6905E-02 -1.9361E-06
   69.00  7.9830E+10 -4.8119E-02  1.6406E-01  7.3378E-02  2.2162E-02  1.2183E-06
   70.00  7.8705E+10  2.8238E-03  1.3096E-01  7.5392E-02  3.0250E-02  1.9622E-06
   71.00  7.5296E+10  8.7261E-03  8.9327E-02  1.0116E-01  2.8339E-02  1.2152E-06
   72.00  7.2267E+10 -2.7331E-02  5.9781E-02  1.4044E-01  1.8616E-02  1.6564E-06
   73.00  7.1154E+10 -4.7607E-02  8.7702E-02  1.2979E-01  3.8362E-02  3.9037E-07
   74.00  6.5387E+10 -1.8159E-02  1.1485E-01  8.1260E-02  7.1730E-02 -1.4255E-06
   75.00  6.2636E+10 -2.9584E-02  1.2847E-01  4.6271E-02  7.0595E-02  6.8121E-07
   76.00  6.6909E+10 -7.5131E-02  1.2881E-01  3.6437E-02  4.4357E-02  3.2861E-06
   77.00  6.5325E+10 -5.9163E-02  8.6276E-02  4.0617E-02  3.8987E-02  2.6391E-06
   78.00  5.9506E+10 -4.6323E-02  6.0837E-02  4.5114E-02  3.7248E-02  2.2071E-06
   79.00  5.7714E+10 -9.5280E-02  7.6372E-02  4.6225E-02  2.7088E-03  1.8509E-06
   80.00  5.8422E+10 -1.1122E-01  8.4454E-02  5.3194E-02 -4.4109E-02  1.1519E-06
   81.00  6.0714E+10 -5.8181E-02  1.0493E-01  5.5982E-02 -6.3328E-02  7.7641E-07
   82.00  6.4012E+10 -3.2877E-03  1.2212E-01  7.0113E-02 -4.8834E-02  3.8985E-07
   83.00  6.8441E+10  1.4235E-02  1.2284E-01  1.0212E-01 -3.0658E-02  1.6854E-06
   84.00  7.2719E+10  1.7807E-03  1.3051E-01  1.2646E-01 -3.4895E-02  1.7159E-06
   85.00  7.4740E+10 -6.0026E-02  1.3351E-01  1.4637E-01 -4.0270E-02 -1.9651E-07
   86.00  7.6395E+10 -1.5866E-01  1.2157E-01  1.5432E-01 -2.1383E-02 -6.2705E-07
   87.00  7.3741E+10 -1.8353E-01  8.2643E-02  1.2579E-01 -6.9089E-03 -1.6815E-06
   88.00  6.6027E+10 -1.2358E-01  1.3104E-02  5.9519E-02 -1.4288E-02 -3.5769E-06
   89.00  6.2199E+10 -9.3402E-02 -2.0153E-02  1.3186E-02 -1.5456E-03 -1.8049E-06
   90.00  6.4847E+10 -1.2427E-01  9.5035E-03  2.7737E-02  3.4773E-02 -2.3501E-07
   91.00  6.9907E+10 -1.5794E-01  3.2824E-02  1.0966E-02  4.0486E-02 -6.5668E-07
   92.00  7.0023E+10 -1.6512E-01  1.8220E-02 -5.2866E-02  2.2883E-02 -4.0803E-07
   93.00  6.5032E+10 -1.7846E-01  1.6660E-02 -7.5012E-02  1.2285E-02 -3.5354E-07
   94.00  6.3508E+10 -2.1863E-01  7.4759E-02 -2.8765E-02  1.5808E-02 -5.7143E-07
   95.00  6.5118E+10 -2.0695E-01  1.1403E-01  4.5393E-04  1.8610E-02 -9.1687E-08
   96.00  6.6691E+10 -1.5334E-01  8.4580E-02 -2.8611E-02  1.2081E-02  9.3772E-07
   97.00  6.7186E+10 -1.2200E-01  4.0986E-02 -6.9015E-02  3.2178E-03  8.2523E-07
   98.00  6.4560E+10 -8.7726E-02  2.9192E-02 -7.1255E-02 -1.2620E-02 -1.6073E-06
   99.00  6.3861E+10 -6.1026E-02  4.3634E-02 -3.6967E-02 -9.7284E-03 -3.8665E-06
  100.00  6.7446E+10 -9.5811E-02  7.3235E-02 -4.9709E-03  1.6877E-02 -2.9587E-06
  101.00  6.6766E+10 -1.0732E-01  8.9632E-02  8.7370E-03  1.5704E-02 -1.0266E-06
  102.00  6.2633E+10 -1.9492E-02  5.5413E-02  1.0349E-02  6.9914E-03 -2.9446E-07
  103.00  6.3446E+10  6.0540E-02  1.7451E-02  2.3286E-03  1.6425E-02 -7.0092E-07
  104.00  6.7457E+10  1.9228E-02  6.1021E-02  7.7913E-03  1.0587E-02  1.5142E-07
  105.00  7.0992E+10 -7.1941E-02  1.3076E-01  7.4232E-03 -4.3163E-03  1.1192E-06
  106.00  7.1808E+10 -8.9784E-02  1.2619E-01 -4.6990E-02 -1.7499E-02  1.1308E-06
  107.00  7.0158E+10 -4.1797E-02  8.4204E-02 -1.0898E-01 -2.0619E-02  1.5809E-06
  108.00  7.1635E+10 -3.2372E-02  7.8472E-02 -1.1562E-01 -2.1478E-02  9.0400E-07
  109.00  7.7735E+10 -7.2857E-02  8.5538E-02 -1.1317E-01 -5.0363E-02  3.8195E-07
  110.00  8.0570E+10 -9.3696E-02  7.6659E-02 -1.1615E-01 -5.7044E-02  8.5224E-07
  111.00  7.6370E+10 -7.8614E-02  5.3877E-02 -9.6383E-02 -1.1322E-02  3.5126E-07
  112.00  7.4327E+10 -8.6040E-02  5.5906E-02 -6.3970E-02  2.9571E-02  1.0309E-07
  113.00  7.6135E+10 -1.3030E-01  1.0602E-01 -2.4786E-02  4.6248E-02  1.3828E-06
  114.00  7.8938E+10 -1.7686E-01  1.6531E-01  5.5492E-03  5.5950E-02  2.1790E-06
  115.00  8.3997E+10 -2.2769E-01  2.1130E-01 -1.6244E-02  3.6575E-02  2.1365E-06
  116.00  8.6181E+10 -2.2608E-01  2.2775E-01 -7.3537E-02  8.0947E-03  2.2787E-06
  117.00  8.4749E+10 -1.1267E-01  1.8617E-01 -1.3730E-01 -1.8648E-03  1.9454E-06
  118.00  8.6467E+10 -9.8040E-03  1.4137E-01 -1.9090E-01 -1.1550E-02  1.7750E-06
  119.00  9.3402E+10 -5.0478E-02  1.4151E-01 -2.1577E-01 -3.2037E-02  2.2523E-06
  120.00  9.6335E+10 -1.1639E-01  1.0447E-01 -2.0473E-01 -4.1970E-02  2.0074E-06
  121.00  8.7713E+10 -1.0913E-01  2.5086E-02 -1.4032E-01 -3.6787E-02  6.7822E-07
  122.00  7.7190E+10 -7.0330E-02 -2.4701E-03 -2.9351E-02 -2.2998E-02 -2.1155E-07
  123.00  7.6405E+10 -6.6360E-02  2.3489E-02  3.7367E-02 -2.8207E-03  2.3508E-06
  124.00  8.2659E+10 -9.0406E-02  2.9267E-02  2.2528E-02  2.8112E-02  4.4443E-06
  125.00  8.5366E+10 -1.1914E-01  3.3479E-02 -4.4613E-02  5.6351E-02  5.2589E-07
  126.00  8.1016E+10 -1.3725E-01  4.7512E-02 -1.5236E-01  4.5268E-02 -3.9196E-06
  127.00  7.8033E+10 -1.3348E-01  6.3384E-02 -2.3841E-01  2.0680E-03 -2.7817E-06
  128.00  7.9825E+10 -1.2307E-01  8.3073E-02 -2.2416E-01 -1.0737E-02 -2.0130E-06
  129.00  7.8542E+10 -9.2395E-02  7.0666E-02 -1.5109E-01  1.2007E-03 -3.6833E-06
  130.00  7.6038E+10 -2.9835E-02  3.1441E-02 -1.0504E-01  1.2553E-02 -4.3452E-06
  131.00  7.6113E+10 -1.3280E-02  4.9898E-02 -1.1055E-01  7.8902E-03 -2.8836E-06
  132.00  7.3810E+10 -6.8760E-02  9.1792E-02 -1.0507E-01 -1.9624E-02  8.7370E-07
  133.00  7.0608E+10 -1.1151E-01  6.9226E-02 -1.0049E-01 -2.4359E-02  3.8550E-06
  134.00  6.8115E+10 -9.2896E-02  1.7886E-02 -1.3684E-01 -5.6808E-03  3.4842E-06
  135.00  6.5745E+10 -7.9113E-02  2.9368E-02 -1.3096E-01 -5.9822E-03  3.6340E-06
  136.00  6.4893E+10 -1.0112E-01  1.1379E-01 -5.8002E-02 -4.0990E-03  5.4337E-06
  137.00  6.6366E+10 -1.0355E-01  1.5972E-01  7.0832E-03 -1.3546E-03  3.9875E-06
  138.00  7.1778E+10 -5.9951E-02  1.1394E-01  3.3041E-02 -2.0142E-02 -5.0484E-07
  139.00  7.5785E+10 -1.6203E-02  5.0854E-02  2.2353E-02 -2.8241E-02 -1.3517E-06
  140.00  7.4339E+10 -1.9222E-02  1.8763E-02  1.5515E-02 -7.9536E-03  1.5954E-06
  141.00  7.4410E+10 -5.5603E-02  4.7303E-02  4.0349E-03  8.1659E-03  2.3686E-06
  142.00  7.6595E+10 -6.3801E-02  8.1428E-02 -2.6509E-02 -1.0974E-02  6.5021E-07
  143.00  7.7516E+10 -4.1038E-02  7.7372E-02 -4.2003E-02 -4.5964E-02 -5.1539E-07
  144.00  8.0858E+10 -2.6830E-02  9.6709E-02 -7.7459E-02 -6.3075E-02  4.6044E-07
  145.00  8.4987E+10 -2.8508E-02  1.3943E-01 -1.3678E-01 -6.4191E-02  1.2936E-06
  146.00  8.6347E+10 -2.5531E-02  1.6948E-01 -1.7630E-01 -5.5243E-02 -1.2668E-06
  147.00  8.6228E+10 -2.1130E-02  1.8081E-01 -1.9618E-01 -3.6752E-02 -4.6875E-06
  148.00  8.6001E+10 -3.4476E-02  1.5283E-01 -2.0717E-01 -2.0512E-02 -5.7468E-06
  149.00  8.7894E+10 -7.4736E-02  1.0627E-01 -1.9985E-01 -5.7273E-03 -2.6583E-06
  150.00  8.7733E+10 -1.2721E-01  9.9445E-02 -1.7259E-01  7.2675E-04  2.0850E-06
  151.00  8.1179E+10 -1.5082E-01  1.1982E-01 -1.2080E-01  3.8777E-03  3.5221E-06
  152.00  7.8521E+10 -1.4442E-01  1.4830E-01 -8.8280E-02  1.0547E-02  2.7996E-07
  153.00  8.7022E+10 -1.6322E-01  1.8022E-01 -1.3856E-01  7.3372E-03 -3.1040E-06
  154.00  9.5992E+10 -1.6883E-01  1.6196E-01 -1.9565E-01 -3.0229E-04 -3.7394E-06
  155.00  9.4001E+10 -1.2307E-01  1.1073E-01 -2.3682E-01  5.7671E-03 -3.9665E-06
  156.00  8.4281E+10 -6.1034E-02  8.5535E-02 -2.4227E-01  4.0297E-02 -6.2570E-06
  157.00  7.8332E+10 -1.4416E-02  1.0002E-01 -1.7077E-01  6.3287E-02 -7.0103E-06
  158.00  7.6751E+10  3.2808E-02  1.5210E-01 -1.2425E-01  2.7778E-02 -4.1337E-06
  159.00  7.6313E+10  4.7888E-02  2.1474E-01 -1.2195E-01 -2.4646E-02 -3.3670E-06
  160.00  8.1643E+10  6.1171E-03  2.4685E-01 -1.0745E-01 -2.4629E-02 -2.5485E-06
  161.00  8.5932E+10  1.9721E-03  2.3996E-01 -1.0982E-01  2.5792E-02 -1.7211E-07
  162.00  8.0621E+10  3.5623E-02  1.6160E-01 -1.3177E-01  6.4004E-02 -2.2021E-06
  163.00  7.1958E+10  2.3141E-02  2.8617E-02 -1.1715E-01  5.8250E-02 -5.1211E-06
  164.00  6.8749E+10 -5.9627E-02 -6.5157E-03 -9.0145E-02  3.4149E-02  4.1019E-07
  165.00  6.6857E+10 -1.0754E-01  8.3751E-02 -5.0964E-02  1.4373E-02 -2.6724E-06
  166.00  5.8429E+10 -6.7121E-03  1.7150E-01  4.5947E-02  4.2502E-03 -1.3316E-05
  167.00  5.7939E+10  1.3188E-01  1.8742E-01  7.2773E-03  1.7999E-03 -9.9934E-08
  168.00  6.6162E+10  8.5320E-02  1.4336E-01 -1.1278E-01  2.0115E-03  1.6288E-05
  169.00  6.7984E+10 -1.5435E-02  5.7950E-02 -2.2067E-01 -6.6198E-03  1.5080E-05
  170.00  6.8784E+10 -2.6088E-02  1.4651E-02 -3.7114E-01 -2.7998E-02  7.0286E-06
  171.00  6.8446E+10  5.7448E-02  5.9381E-02 -4.0998E-01 -2.0642E-03  1.2876E-05
  172.00  7.1623E+10  4.5277E-02  8.1230E-02 -2.7381E-01  2.8322E-02  1.9677E-05
  173.00  7.7573E+10 -9.2484E-02  8.8341E-02 -1.5829E-01 -1.0039E-02  8.5235E-06
  174.00  6.9650E+10 -1.8363E-01  1.0613E-01 -1.7625E-01 -3.4281E-02 -8.1991E-07
  175.00  5.7011E+10 -2.0163E-01  9.8121E-02 -2.2999E-01 -6.9422E-03  1.3507E-05
  176.00  4.5385E+10 -1.6369E-01  1.5411E-01 -2.2194E-01  1.9592E-02  3.7216E-05
  177.00  3.5972E+10  8.4278E-02  1.6136E-01 -1.2846E-01  1.2066E-02  9.8700E-06
  178.00  3.6693E+10  2.6621E-01 -4.0322E-02  5.5720E-02 -5.2816E-03 -6.2578E-06
  179.00  3.1992E+10  1.4622E-01 -3.6499E-02  3.6888E-02 -3.7042E-03  4.8878E-05
  180.00  2.4708E+10  5.5868E-12  1.1708E-01 -1.1708E-01 -1.2339E-13  1.0449E-04
 diffuse scattering matrix 
   theta     11          12          22          33          34          44     
    0.00  3.2571E+13  9.9319E-06  4.9983E-01  4.9983E-01  9.3165E-07 -3.0509E-05
    1.00  2.3472E+13  1.6966E-02  4.9895E-01  4.9967E-01  1.3775E-03 -2.8226E-05
    2.00  8.0599E+12  9.8310E-02  4.9008E-01  5.0401E-01  4.5485E-03 -1.8690E-05
    3.00  1.0019E+12  3.8714E-01  4.4684E-01  5.0948E-01 -5.3906E-03  1.3828E-05
    4.00  4.4694E+11 -3.3594E-01  5.9712E-01  2.8798E-01 -1.3036E-02 -2.0931E-05
    5.00  4.4924E+11 -4.1025E-01  5.9018E-01  3.1588E-01  1.6850E-02 -1.0268E-05
    6.00  1.6967E+11 -2.8738E-01  4.8787E-01  3.8411E-01  3.5542E-02  3.0829E-05
    7.00  8.5685E+10 -2.0642E-01  3.8597E-01  3.4345E-01  2.0750E-03  7.8150E-06
    8.00  8.7847E+10 -1.0461E-01  2.5853E-01  2.4088E-01 -3.0085E-02  9.5494E-06
    9.00  1.0205E+11  6.0118E-02  1.7403E-01  2.1977E-01  3.8199E-02  2.2984E-05
   10.00  1.0947E+11  1.3707E-01  2.9401E-01  2.3216E-01  5.7078E-02  2.6606E-06
   11.00  9.3273E+10  1.4407E-01  4.3509E-01  1.8217E-01  2.3604E-02 -7.1359E-07
   12.00  8.2639E+10  3.8536E-02  4.1874E-01  1.9274E-01  1.8813E-02  4.8060E-06
   13.00  9.5793E+10 -1.0888E-01  3.7922E-01  3.1841E-01  4.3927E-02  6.6748E-06
   14.00  1.2955E+11 -1.6628E-01  3.5549E-01  4.0344E-01  6.4732E-02  1.1147E-05
   15.00  1.4763E+11 -1.3793E-01  3.0675E-01  4.3789E-01  7.1952E-02  1.0546E-05
   16.00  1.4003E+11 -6.1397E-02  2.8510E-01  4.0915E-01  4.9312E-02  1.8766E-06
   17.00  1.2306E+11  1.5909E-02  3.1345E-01  3.4157E-01  2.3674E-02 -1.4303E-06
   18.00  1.0199E+11  2.6008E-03  3.4866E-01  2.9819E-01  3.9279E-02  9.2344E-06
   19.00  9.6615E+10 -3.1529E-02  3.4248E-01  3.0265E-01  7.4157E-02  5.3320E-06
   20.00  1.0105E+11  3.9533E-02  2.7761E-01  3.0729E-01  9.4652E-02 -2.0673E-07
   21.00  9.9656E+10  9.0862E-02  1.5935E-01  3.1310E-01  7.4296E-02  5.5879E-06
   22.00  8.9893E+10  6.3388E-02  9.0390E-02  3.3847E-01  2.4628E-02  5.1297E-06
   23.00  8.3411E+10 -1.7799E-02  1.4479E-01  3.6243E-01  2.0213E-03  3.1698E-06
   24.00  8.6136E+10 -9.7208E-02  2.1178E-01  3.5221E-01 -4.3196E-03  3.0876E-07
   25.00  8.2387E+10 -7.8795E-02  2.1688E-01  3.2110E-01 -1.3841E-02  5.6210E-07
   26.00  7.6687E+10  6.7942E-03  2.0800E-01  3.1619E-01 -1.3510E-02  5.5297E-06
   27.00  7.7995E+10 -1.8295E-02  2.1337E-01  3.3286E-01 -1.8065E-02 -6.9516E-07
   28.00  8.4117E+10 -1.3472E-01  2.1718E-01  3.2410E-01 -2.1393E-02 -5.8303E-06
   29.00  9.1818E+10 -1.7147E-01  2.2450E-01  3.0070E-01 -1.2845E-02  1.4928E-06
   30.00  9.2762E+10 -8.8581E-02  2.5185E-01  2.7441E-01 -5.1992E-03  7.4435E-06
   31.00  8.9608E+10  1.5746E-02  2.8393E-01  2.2503E-01  1.0450E-02  2.2446E-06
   32.00  9.0649E+10  3.3757E-02  2.6935E-01  1.8448E-01  3.1836E-02 -9.9764E-07
   33.00  9.3580E+10 -3.1937E-03  2.2536E-01  1.7581E-01  3.1640E-02  3.0513E-06
   34.00  9.2913E+10 -4.9323E-02  1.8441E-01  1.7451E-01  2.9011E-02  3.7851E-06
   35.00  8.9089E+10 -9.5315E-02  1.5012E-01  1.9083E-01  4.6373E-02  4.1528E-06
   36.00  9.2604E+10 -1.1077E-01  1.6582E-01  2.0861E-01  5.5416E-02  1.1110E-06
   37.00  1.0301E+11 -9.9325E-02  2.1211E-01  1.9471E-01  4.1874E-02 -8.0477E-07
   38.00  1.0514E+11 -8.9311E-02  2.3044E-01  1.6545E-01  1.1814E-02  5.4332E-06
   39.00  1.0117E+11 -9.1436E-02  2.2080E-01  1.3089E-01 -1.6632E-02  9.1956E-06
   40.00  9.9981E+10 -1.1081E-01  1.9599E-01  1.1719E-01 -2.5509E-03  5.0111E-06
   41.00  9.6638E+10 -1.1513E-01  1.5915E-01  1.2931E-01  3.0697E-02  4.3888E-07
   42.00  8.9029E+10 -8.9227E-02  1.2588E-01  1.0187E-01  5.0510E-02 -2.7012E-07
   43.00  8.4821E+10 -5.8337E-02  1.0313E-01  4.5113E-02  6.1629E-02  9.1928E-07
   44.00  8.6093E+10 -3.7223E-02  7.5096E-02  7.4107E-02  4.4132E-02  2.4182E-07
   45.00  8.6698E+10 -3.8136E-02  4.9283E-02  1.3599E-01  4.4121E-03 -2.1586E-06
   46.00  8.4023E+10 -4.4266E-02  5.0427E-02  1.1945E-01 -6.2545E-03 -1.3520E-06
   47.00  8.2193E+10 -3.3578E-02  7.3232E-02  8.0568E-02  8.7692E-03  2.3304E-06
   48.00  8.7055E+10 -3.5362E-02  7.2890E-02  1.1889E-01  1.0072E-02  3.4782E-06
   49.00  9.5401E+10 -5.8395E-02  6.0749E-02  1.7904E-01  6.6190E-03  2.7507E-06
   50.00  9.6951E+10 -7.9167E-02  6.6233E-02  1.8851E-01 -1.6774E-03  3.6577E-06
   51.00  9.3084E+10 -6.4732E-02  6.0285E-02  1.6096E-01 -2.4036E-02  5.8702E-06
   52.00  9.3868E+10 -1.0114E-02  3.8211E-02  1.3957E-01 -3.1990E-02  1.8928E-06
   53.00  9.5795E+10  1.0564E-03  5.9985E-02  1.1602E-01 -2.3109E-02 -2.7513E-06
   54.00  8.9564E+10 -5.9945E-02  1.1537E-01  7.5803E-02 -2.2567E-02 -1.6810E-06
   55.00  8.4154E+10 -1.0859E-01  1.4274E-01  6.5598E-02 -1.4294E-02 -7.2392E-07
   56.00  8.8014E+10 -9.7769E-02  1.4939E-01  1.0186E-01  3.0835E-03 -7.0339E-07
   57.00  9.1247E+10 -9.3824E-02  1.4910E-01  1.1987E-01 -3.8820E-03 -4.4517E-08
   58.00  8.9932E+10 -8.4676E-02  1.3713E-01  1.0899E-01 -1.5758E-02 -1.3801E-07
   59.00  8.8081E+10 -3.2556E-02  1.3839E-01  1.0797E-01 -5.8820E-03 -2.0206E-06
   60.00  8.6197E+10 -1.3185E-02  1.4458E-01  1.3233E-01  1.8739E-03 -4.1108E-06
   61.00  8.6208E+10 -6.8994E-02  1.6488E-01  1.5131E-01  5.8074E-03 -4.8106E-06
   62.00  8.7601E+10 -1.0619E-01  1.9120E-01  1.1897E-01  1.6705E-02 -5.0768E-06
   63.00  8.9143E+10 -1.0557E-01  1.6745E-01  5.9230E-02  6.4284E-03 -5.5656E-06
   64.00  8.9972E+10 -9.6097E-02  1.1095E-01  5.5451E-02 -1.7609E-02 -3.5075E-06
   65.00  8.6425E+10 -7.7545E-02  9.2670E-02  1.0621E-01 -2.0616E-02 -1.9010E-06
   66.00  8.1023E+10 -8.7199E-02  1.2914E-01  1.3415E-01 -1.5812E-04 -5.6336E-06
   67.00  7.9725E+10 -1.1920E-01  1.7469E-01  1.1149E-01  2.3678E-02 -1.0777E-05
   68.00  7.9933E+10 -1.0741E-01  1.8764E-01  8.3595E-02  2.6897E-02 -1.6297E-05
   69.00  7.8685E+10 -4.8064E-02  1.6402E-01  7.3425E-02  2.2143E-02 -2.7143E-05
   70.00  7.7575E+10  2.9317E-03  1.3088E-01  7.5335E-02  3.0249E-02 -7.2707E-05
   71.00  7.4215E+10  8.8376E-03  8.9261E-02  1.0102E-01  2.8362E-02 -1.1247E-04
   72.00  7.1234E+10 -2.7315E-02  5.9775E-02  1.4041E-01  1.8632E-02 -4.1174E-05
   73.00  7.0139E+10 -4.7693E-02  8.7702E-02  1.2992E-01  3.8350E-02  4.7249E-05
   74.00  6.4452E+10 -1.8269E-02  1.1483E-01  8.1381E-02  7.1709E-02  4.5317E-05
   75.00  6.1741E+10 -2.9640E-02  1.2849E-01  4.6295E-02  7.0570E-02  3.0317E-05
   76.00  6.5952E+10 -7.5096E-02  1.2882E-01  3.6416E-02  4.4316E-02  3.6357E-05
   77.00  6.4391E+10 -5.9120E-02  8.6243E-02  4.0579E-02  3.8953E-02  3.2029E-05
   78.00  5.8659E+10 -4.6366E-02  6.0816E-02  4.5060E-02  3.7245E-02  2.1033E-05
   79.00  5.6896E+10 -9.5372E-02  7.6366E-02  4.6194E-02  2.7226E-03  1.5991E-05
   80.00  5.7591E+10 -1.1131E-01  8.4444E-02  5.3236E-02 -4.4108E-02  1.6538E-05
   81.00  5.9847E+10 -5.8232E-02  1.0492E-01  5.6080E-02 -6.3340E-02  1.3896E-05
   82.00  6.3097E+10 -3.2951E-03  1.2210E-01  7.0230E-02 -4.8829E-02  1.1034E-05
   83.00  6.7464E+10  1.4244E-02  1.2281E-01  1.0224E-01 -3.0629E-02  8.9352E-06
   84.00  7.1685E+10  1.7949E-03  1.3049E-01  1.2654E-01 -3.4865E-02  7.2084E-06
   85.00  7.3679E+10 -6.0002E-02  1.3351E-01  1.4642E-01 -4.0249E-02  6.1234E-06
   86.00  7.5307E+10 -1.5863E-01  1.2154E-01  1.5433E-01 -2.1370E-02  4.6891E-06
   87.00  7.2685E+10 -1.8351E-01  8.2576E-02  1.2577E-01 -6.9087E-03  2.3969E-06
   88.00  6.5083E+10 -1.2355E-01  1.3024E-02  5.9484E-02 -1.4306E-02  1.0571E-06
   89.00  6.1316E+10 -9.3409E-02 -2.0184E-02  1.3205E-02 -1.5668E-03  3.1617E-06
   90.00  6.3927E+10 -1.2429E-01  9.5146E-03  2.7815E-02  3.4766E-02  4.0748E-06
   91.00  6.8909E+10 -1.5792E-01  3.2823E-02  1.1074E-02  4.0498E-02  3.4405E-06
   92.00  6.9021E+10 -1.6504E-01  1.8201E-02 -5.2783E-02  2.2889E-02  3.1715E-06
   93.00  6.4102E+10 -1.7834E-01  1.6638E-02 -7.4971E-02  1.2279E-02  2.5763E-06
   94.00  6.2603E+10 -2.1856E-01  7.4733E-02 -2.8749E-02  1.5803E-02  2.7924E-06
   95.00  6.4191E+10 -2.0693E-01  1.1401E-01  4.5473E-04  1.8610E-02  3.4664E-06
   96.00  6.5742E+10 -1.5333E-01  8.4558E-02 -2.8595E-02  1.2079E-02  3.7097E-06
   97.00  6.6233E+10 -1.2201E-01  4.0969E-02 -6.8993E-02  3.2093E-03  3.2636E-06
   98.00  6.3641E+10 -8.7768E-02  2.9177E-02 -7.1254E-02 -1.2623E-02  5.5810E-07
   99.00  6.2945E+10 -6.1039E-02  4.3603E-02 -3.6980E-02 -9.7241E-03 -1.5227E-06
  100.00  6.6476E+10 -9.5801E-02  7.3203E-02 -5.0179E-03  1.6885E-02 -1.5351E-07
  101.00  6.5811E+10 -1.0732E-01  8.9622E-02  8.6486E-03  1.5718E-02  1.4021E-06
  102.00  6.1742E+10 -1.9535E-02  5.5435E-02  1.0263E-02  7.0167E-03  1.9817E-06
  103.00  6.2542E+10  6.0502E-02  1.7458E-02  2.2704E-03  1.6443E-02  1.7868E-06
  104.00  6.6492E+10  1.9215E-02  6.1000E-02  7.7752E-03  1.0575E-02  2.1273E-06
  105.00  6.9976E+10 -7.1955E-02  1.3076E-01  7.4439E-03 -4.3477E-03  2.7194E-06
  106.00  7.0779E+10 -8.9787E-02  1.2620E-01 -4.6971E-02 -1.7522E-02  3.8350E-06
  107.00  6.9150E+10 -4.1787E-02  8.4218E-02 -1.0896E-01 -2.0638E-02  6.6391E-06
  108.00  7.0606E+10 -3.2373E-02  7.8507E-02 -1.1557E-01 -2.1509E-02  7.8876E-06
  109.00  7.6623E+10 -7.2896E-02  8.5580E-02 -1.1313E-01 -5.0394E-02  5.2120E-06
  110.00  7.9420E+10 -9.3761E-02  7.6669E-02 -1.1614E-01 -5.7060E-02  3.2310E-06
  111.00  7.5279E+10 -7.8646E-02  5.3815E-02 -9.6373E-02 -1.1330E-02  3.3664E-06
  112.00  7.3260E+10 -8.6018E-02  5.5819E-02 -6.3965E-02  2.9572E-02  3.2995E-06
  113.00  7.5043E+10 -1.3030E-01  1.0602E-01 -2.4820E-02  4.6257E-02  4.4269E-06
  114.00  7.7815E+10 -1.7690E-01  1.6538E-01  5.4845E-03  5.5950E-02  4.8287E-06
  115.00  8.2808E+10 -2.2773E-01  2.1136E-01 -1.6299E-02  3.6569E-02  3.8719E-06
  116.00  8.4957E+10 -2.2613E-01  2.2778E-01 -7.3568E-02  8.0926E-03  3.7883E-06
  117.00  8.3538E+10 -1.1276E-01  1.8617E-01 -1.3730E-01 -1.8638E-03  3.9460E-06
  118.00  8.5231E+10 -9.9103E-03  1.4137E-01 -1.9088E-01 -1.1538E-02  4.2700E-06
  119.00  9.2069E+10 -5.0545E-02  1.4152E-01 -2.1575E-01 -3.2016E-02  3.9298E-06
  120.00  9.4959E+10 -1.1640E-01  1.0445E-01 -2.0470E-01 -4.1936E-02  3.3632E-06
  121.00  8.6465E+10 -1.0913E-01  2.5035E-02 -1.4028E-01 -3.6717E-02  2.9545E-06
  122.00  7.6099E+10 -7.0346E-02 -2.4911E-03 -2.9327E-02 -2.2911E-02  2.4391E-06
  123.00  7.5322E+10 -6.6356E-02  2.3501E-02  3.7405E-02 -2.7886E-03  3.4845E-06
  124.00  8.1478E+10 -9.0352E-02  2.9262E-02  2.2588E-02  2.8100E-02  4.7532E-06
  125.00  8.4145E+10 -1.1906E-01  3.3451E-02 -4.4564E-02  5.6352E-02  1.0717E-06
  126.00  7.9861E+10 -1.3717E-01  4.7496E-02 -1.5232E-01  4.5283E-02 -3.1987E-06
  127.00  7.6924E+10 -1.3342E-01  6.3388E-02 -2.3839E-01  2.0748E-03 -1.8110E-06
  128.00  7.8688E+10 -1.2301E-01  8.3050E-02 -2.2416E-01 -1.0728E-02 -1.1770E-06
  129.00  7.7419E+10 -9.2322E-02  7.0591E-02 -1.5112E-01  1.2468E-03 -2.5714E-06
  130.00  7.4947E+10 -2.9762E-02  3.1336E-02 -1.0508E-01  1.2644E-02 -2.9895E-06
  131.00  7.5020E+10 -1.3204E-02  4.9806E-02 -1.1057E-01  7.9833E-03 -1.6863E-06
  132.00  7.2752E+10 -6.8687E-02  9.1748E-02 -1.0509E-01 -1.9562E-02  8.2119E-07
  133.00  6.9600E+10 -1.1147E-01  6.9242E-02 -1.0052E-01 -2.4324E-02  2.8789E-06
  134.00  6.7143E+10 -9.2899E-02  1.7922E-02 -1.3686E-01 -5.6717E-03  3.3029E-06
  135.00  6.4806E+10 -7.9123E-02  2.9404E-02 -1.3095E-01 -5.9953E-03  3.6939E-06
  136.00  6.3968E+10 -1.0113E-01  1.1385E-01 -5.8007E-02 -4.1121E-03  4.4224E-06
  137.00  6.5420E+10 -1.0356E-01  1.5979E-01  7.0669E-03 -1.3498E-03  1.2921E-06
  138.00  7.0754E+10 -5.9955E-02  1.1396E-01  3.3050E-02 -2.0117E-02 -2.6763E-06
  139.00  7.4703E+10 -1.6191E-02  5.0826E-02  2.2368E-02 -2.8206E-02 -8.2047E-07
  140.00  7.3275E+10 -1.9213E-02  1.8727E-02  1.5505E-02 -7.9239E-03  3.9296E-06
  141.00  7.3348E+10 -5.5615E-02  4.7292E-02  3.9739E-03  8.1534E-03  2.0062E-06
  142.00  7.5507E+10 -6.3789E-02  8.1437E-02 -2.6598E-02 -1.1038E-02  1.1807E-05
  143.00  7.6420E+10 -4.1009E-02  7.7394E-02 -4.2082E-02 -4.6021E-02  1.5236E-05
  144.00  7.9713E+10 -2.6836E-02  9.6727E-02 -7.7530E-02 -6.3102E-02 -2.1215E-05
  145.00  8.3779E+10 -2.8536E-02  1.3945E-01 -1.3681E-01 -6.4223E-02 -2.5096E-05
  146.00  8.5109E+10 -2.5575E-02  1.6951E-01 -1.7625E-01 -5.5276E-02  9.8660E-06
  147.00  8.4981E+10 -2.1223E-02  1.8081E-01 -1.9610E-01 -3.6773E-02  1.2087E-05
  148.00  8.4754E+10 -3.4613E-02  1.5276E-01 -2.0713E-01 -2.0541E-02 -4.8873E-06
  149.00  8.6622E+10 -7.4838E-02  1.0619E-01 -1.9983E-01 -5.7774E-03 -4.4687E-06
  150.00  8.6467E+10 -1.2722E-01  9.9452E-02 -1.7257E-01  6.7577E-04  5.7571E-06
  151.00  8.0012E+10 -1.5079E-01  1.1995E-01 -1.2076E-01  3.8456E-03  8.7519E-06
  152.00  7.7395E+10 -1.4440E-01  1.4845E-01 -8.8224E-02  1.0532E-02  3.3643E-06
  153.00  8.5766E+10 -1.6314E-01  1.8022E-01 -1.3848E-01  7.3231E-03 -2.5012E-07
  154.00  9.4597E+10 -1.6868E-01  1.6184E-01 -1.9555E-01 -3.2353E-04 -1.7584E-06
  155.00  9.2636E+10 -1.2291E-01  1.1062E-01 -2.3673E-01  5.7378E-03 -1.6056E-06
  156.00  8.3063E+10 -6.0917E-02  8.5543E-02 -2.4220E-01  4.0260E-02 -3.0730E-06
  157.00  7.7207E+10 -1.4334E-02  1.0010E-01 -1.7073E-01  6.3258E-02 -3.3054E-06
  158.00  7.5657E+10  3.2876E-02  1.5219E-01 -1.2424E-01  2.7779E-02 -6.4465E-07
  159.00  7.5232E+10  4.7948E-02  2.1484E-01 -1.2192E-01 -2.4624E-02 -1.3048E-06
  160.00  8.0493E+10  6.1973E-03  2.4692E-01 -1.0742E-01 -2.4627E-02 -9.6046E-07
  161.00  8.4720E+10  2.0920E-03  2.3997E-01 -1.0982E-01  2.5757E-02  2.8201E-06
  162.00  7.9479E+10  3.5756E-02  1.6153E-01 -1.3183E-01  6.3963E-02  1.6370E-06
  163.00  7.0936E+10  2.3236E-02  2.8486E-02 -1.1731E-01  5.8241E-02 -2.0482E-06
  164.00  6.7764E+10 -5.9614E-02 -6.6351E-03 -9.0353E-02  3.4194E-02  3.0761E-06
  165.00  6.5895E+10 -1.0761E-01  8.3733E-02 -5.1106E-02  1.4425E-02  1.8381E-07
  166.00  5.7588E+10 -6.7655E-03  1.7157E-01  4.5921E-02  4.2662E-03 -8.7175E-06
  167.00  5.7110E+10  1.3192E-01  1.8746E-01  7.2874E-03  1.8150E-03  4.2541E-06
  168.00  6.5224E+10  8.5380E-02  1.4333E-01 -1.1279E-01  2.0292E-03  2.0426E-05
  169.00  6.7025E+10 -1.5380E-02  5.7947E-02 -2.2065E-01 -6.6437E-03  1.8218E-05
  170.00  6.7812E+10 -2.6016E-02  1.4654E-02 -3.7110E-01 -2.8014E-02  8.6502E-06
  171.00  6.7469E+10  5.7494E-02  5.9271E-02 -4.0994E-01 -2.0536E-03  1.5698E-05
  172.00  7.0585E+10  4.5215E-02  8.1117E-02 -2.7365E-01  2.8286E-02  2.2759E-05
  173.00  7.6441E+10 -9.2610E-02  8.8306E-02 -1.5809E-01 -1.0137E-02  1.1755E-05
  174.00  6.8635E+10 -1.8368E-01  1.0604E-01 -1.7611E-01 -3.4347E-02  2.8945E-06
  175.00  5.6197E+10 -2.0156E-01  9.7881E-02 -2.2993E-01 -6.8905E-03  1.7139E-05
  176.00  4.4756E+10 -1.6363E-01  1.5381E-01 -2.2195E-01  1.9690E-02  3.8467E-05
  177.00  3.5469E+10  8.4054E-02  1.6109E-01 -1.2841E-01  1.2117E-02  1.2057E-05
  178.00  3.6159E+10  2.6602E-01 -4.0472E-02  5.5858E-02 -5.3212E-03  2.8281E-07
  179.00  3.1522E+10  1.4614E-01 -3.6214E-02  3.6608E-02 -3.7481E-03  6.8298E-05
  180.00  2.4347E+10  5.5829E-12  1.1795E-01 -1.1795E-01 -1.2536E-13  1.4439E-04
 azimuthal averaged scattering matrix expansion coefficients
    n       11          44          12          34         22p         22m
    0  1.0000E+00 -6.5605E-07  0.0000E+00  0.0000E+00  0.0000E+00  0.0000E+00
    1  3.7006E-01 -6.4456E-06  0.0000E+00  0.0000E+00  0.0000E+00  0.0000E+00
    2  6.0905E-01 -8.4137E-06 -1.4545E-01  4.6217E-03  4.6163E-01  1.2669E-01
    3  6.5503E-01 -7.8955E-06  1.8244E-02  1.3632E-02  3.7206E-01 -4.4196E-03
    4  6.3315E-01 -1.0970E-05 -5.9196E-02  4.0678E-03  4.2074E-01 -1.5967E-02
    5  9.3155E-01 -2.4146E-05 -2.4262E-02  1.5044E-02  5.3207E-01 -6.7074E-03
    6  1.2062E+00 -2.8421E-05 -2.1681E-02  1.0681E-02  5.8440E-01  2.1074E-02
    7  1.3805E+00 -3.0989E-05  6.8204E-03  1.9872E-02  6.4285E-01 -1.2116E-02
    8  1.3563E+00 -2.2615E-05 -1.5944E-03  2.5388E-02  6.8902E-01 -5.7867E-02
    9  1.6907E+00 -2.5887E-05  1.5088E-02 -5.8776E-03  7.5856E-01  4.4715E-02
   10  1.6406E+00 -3.8900E-05 -4.3121E-02  1.0763E-02  8.7347E-01 -1.6195E-02
   11  1.8722E+00 -5.7029E-05  3.2759E-04 -2.1391E-02  9.3832E-01 -8.8030E-03
   12  2.1701E+00 -4.8503E-05  8.7054E-02  3.6859E-02  1.0175E+00  7.6550E-03
   13  2.0968E+00 -3.8887E-05 -5.8045E-02  5.4395E-02  1.1390E+00 -7.0023E-02
   14  2.2090E+00 -4.3374E-05 -6.8118E-02  2.3830E-02  1.1212E+00 -2.8471E-02
   15  2.3743E+00 -6.1887E-05 -4.0355E-02  8.4378E-03  1.1738E+00 -4.6488E-02
   16  2.5496E+00 -7.4343E-05  2.4332E-02 -1.2498E-02  1.2811E+00 -4.4721E-03
   17  2.7429E+00 -6.9010E-05 -5.0865E-02  3.3530E-02  1.3311E+00 -1.0836E-02
   18  2.8236E+00 -5.3737E-05 -4.3474E-02  1.6686E-03  1.4572E+00  2.4389E-02
   19  2.9819E+00 -5.6300E-05  5.9898E-02 -3.6313E-02  1.4728E+00  6.5454E-02
   20  3.1855E+00 -7.9482E-05 -6.1279E-02 -2.4610E-02  1.5502E+00 -3.1804E-02
   21  3.3679E+00 -8.8305E-05 -2.9472E-02  4.9964E-03  1.6815E+00 -5.4054E-04
   22  3.4339E+00 -8.4136E-05 -3.0760E-02  3.1106E-03  1.7202E+00  3.2445E-02
   23  3.4838E+00 -6.4279E-05  9.3620E-03 -1.7863E-02  1.7348E+00 -1.0273E-02
   24  3.5429E+00 -7.1225E-05 -4.4057E-02 -1.9076E-02  1.7740E+00  2.4735E-02
   25  3.7340E+00 -9.8376E-05 -3.2644E-02 -2.5635E-02  1.8970E+00  3.3983E-02
   26  3.7387E+00 -1.0746E-04  2.6476E-02  1.1049E-02  1.9193E+00 -2.1613E-02
   27  3.9195E+00 -9.5888E-05 -1.1236E-02  6.2833E-02  1.9283E+00  9.5109E-02
   28  3.9241E+00 -7.9746E-05  8.0897E-02 -2.3736E-02  1.9801E+00 -3.6771E-02
   29  4.0642E+00 -8.1502E-05  6.9351E-03  6.2959E-03  2.0656E+00 -3.5107E-02
   30  4.1225E+00 -1.0637E-04 -6.7454E-02  5.4514E-02  2.0270E+00  1.0395E-02
   31  4.1035E+00 -1.1966E-04 -1.8419E-02 -3.0329E-02  2.1118E+00  2.6186E-02
   32  4.0162E+00 -1.1317E-04 -7.6461E-02 -1.6807E-02  2.0382E+00 -2.4380E-02
   33  4.2479E+00 -9.0718E-05 -4.0033E-02  1.3683E-02  2.0497E+00  4.8739E-02
   34  4.2660E+00 -9.4781E-05 -8.3803E-02 -1.4424E-02  2.1285E+00  6.8221E-02
   35  4.3256E+00 -1.1782E-04 -7.2310E-02 -1.9264E-02  2.1832E+00 -4.2421E-02
   36  4.3890E+00 -1.2988E-04 -1.5898E-01  3.2346E-02  2.1243E+00  4.9521E-02
   37  4.4622E+00 -1.2154E-04  3.0527E-02  6.5743E-04  2.2312E+00  6.8606E-02
   38  4.4527E+00 -9.4168E-05 -1.3262E-02 -1.7346E-02  2.2963E+00 -2.9985E-02
   39  4.5322E+00 -1.0577E-04 -5.7680E-02  3.1283E-02  2.2211E+00  6.2955E-02
   40  4.4844E+00 -1.2548E-04 -7.2015E-03  1.7293E-02  2.2069E+00  3.8466E-02
   41  4.4778E+00 -1.4348E-04 -2.5687E-02 -1.6044E-02  2.2998E+00 -6.0598E-02
   42  4.6307E+00 -1.3374E-04 -1.7170E-02  7.5860E-03  2.2490E+00  5.6254E-02
   43  4.6082E+00 -1.0510E-04 -4.6876E-04 -1.4320E-02  2.3266E+00 -1.7582E-03
   44  4.6641E+00 -1.0735E-04  1.6720E-02 -5.5311E-03  2.3224E+00 -9.2194E-03
   45  4.6362E+00 -1.2939E-04  5.9297E-02  4.0248E-02  2.3260E+00  2.1047E-02
   46  4.7823E+00 -1.4185E-04  8.0173E-02  4.6686E-03  2.3286E+00  2.9920E-02
   47  4.7659E+00 -1.3614E-04  7.8173E-02  2.2418E-02  2.4429E+00  2.4847E-02
   48  4.7457E+00 -1.1169E-04  5.2870E-02 -4.4637E-03  2.3280E+00  9.6830E-03
   49  4.7907E+00 -1.1155E-04  8.6791E-02  2.2996E-02  2.3812E+00 -2.4604E-02
   50  4.7268E+00 -1.3247E-04  2.2593E-01  5.4983E-03  2.4267E+00 -8.0035E-02
   51  4.8679E+00 -1.4292E-04  2.0093E-01 -3.0193E-02  2.3026E+00  3.9490E-02
   52  4.7220E+00 -1.4098E-04  1.2633E-01 -2.3658E-02  2.4104E+00  3.6857E-03
   53  4.6385E+00 -1.1489E-04  2.3312E-01 -3.2709E-02  2.3316E+00  5.5199E-02
   54  4.6713E+00 -1.1702E-04  2.3064E-01  1.3519E-02  2.3715E+00  6.0087E-02
   55  4.6762E+00 -1.3489E-04  1.1493E-01  5.0702E-03  2.3212E+00  4.9245E-03
   56  4.6816E+00 -1.4253E-04  1.5721E-01  3.6592E-02  2.3416E+00  6.9206E-02
   57  4.6273E+00 -1.4120E-04  2.1176E-01 -3.9308E-03  2.3132E+00  9.6993E-02
   58  4.6102E+00 -1.1982E-04  2.6099E-01 -1.8865E-02  2.3624E+00  1.0537E-01
   59  4.5065E+00 -1.1790E-04  2.9876E-01  1.7530E-03  2.3247E+00  6.9290E-02
   60  4.5524E+00 -1.3770E-04  2.5672E-01 -2.3239E-02  2.3002E+00  6.8988E-02
   61  4.4176E+00 -1.4667E-04  2.2221E-01  5.8849E-03  2.2749E+00  4.5249E-02
   62  4.5040E+00 -1.4848E-04  3.3137E-01  5.4040E-02  2.2185E+00  6.1991E-02
   63  4.5032E+00 -1.2186E-04  3.5590E-01  2.7574E-02  2.2591E+00  8.4624E-02
   64  4.3820E+00 -1.1556E-04  3.0505E-01 -2.9925E-03  2.2487E+00  9.6192E-03
   65  4.4085E+00 -1.4055E-04  3.5526E-01  5.4128E-02  2.2428E+00  5.7930E-02
   66  4.4037E+00 -1.4414E-04  2.8513E-01  5.1406E-03  2.1886E+00  3.1674E-02
   67  4.3716E+00 -1.4788E-04  2.2249E-01  8.5303E-03  2.1646E+00  5.4146E-02
   68  4.3247E+00 -1.2445E-04  3.3764E-01  3.0404E-03  2.1736E+00  7.0150E-02
   69  4.3125E+00 -1.2090E-04  2.8253E-01 -3.2876E-02  2.1545E+00  4.9998E-02
   70  4.2394E+00 -1.3606E-04  3.1392E-01  3.2670E-03  2.1046E+00  9.2550E-03
   71  4.1906E+00 -1.4049E-04  3.8819E-01 -2.8896E-02  2.1573E+00  2.6327E-02
   72  4.2756E+00 -1.4547E-04  4.6333E-01  1.1286E-02  2.1037E+00  2.6777E-02
   73  4.0508E+00 -1.1590E-04  3.0530E-01 -9.6894E-03  2.0717E+00  2.2710E-02
   74  4.1105E+00 -1.1289E-04  4.6845E-01 -4.0647E-03  1.9948E+00  5.0589E-02
   75  4.1612E+00 -1.2710E-04  5.0901E-01 -1.4462E-02  2.0518E+00  4.4918E-02
   76  3.9416E+00 -1.3318E-04  4.7201E-01 -3.6643E-03  2.0279E+00  4.7193E-02
   77  3.8163E+00 -1.4294E-04  3.7640E-01 -1.1667E-02  1.9011E+00  1.1388E-02
   78  3.8351E+00 -1.1472E-04  5.0343E-01 -6.9472E-03  1.9173E+00  4.3399E-02
   79  3.7759E+00 -1.0982E-04  4.8520E-01  4.2466E-03  1.9020E+00  3.3365E-02
   80  3.6172E+00 -1.2659E-04  4.3186E-01 -8.6569E-03  1.8227E+00 -1.9330E-03
   81  3.5946E+00 -1.2847E-04  4.7604E-01  3.0494E-02  1.7853E+00  3.2102E-02
   82  3.4707E+00 -1.3736E-04  3.8378E-01  6.0997E-03  1.7438E+00  2.1896E-02
   83  3.4007E+00 -1.0323E-04  3.8072E-01 -9.1490E-04  1.6877E+00 -1.2958E-02
   84  3.3223E+00 -9.8263E-05  4.2367E-01  2.7151E-02  1.6486E+00  4.0608E-02
   85  3.2177E+00 -1.1154E-04  4.0794E-01  4.9315E-02  1.5861E+00  2.2424E-02
   86  3.1917E+00 -1.2118E-04  4.4266E-01  1.1542E-02  1.5666E+00  2.2458E-02
   87  3.1530E+00 -1.3322E-04  4.6333E-01  1.1470E-03  1.5715E+00  8.4413E-03
   88  3.0321E+00 -1.0237E-04  3.8045E-01  2.4220E-02  1.5119E+00 -2.3781E-02
   89  3.0306E+00 -1.0475E-04  4.5449E-01  2.0861E-02  1.4777E+00 -2.0042E-02
   90  2.8818E+00 -1.0776E-04  3.9810E-01  2.8767E-02  1.4124E+00  3.0962E-03
   91  2.7384E+00 -1.2178E-04  3.8991E-01  4.9427E-03  1.3622E+00  1.0842E-02
   92  2.5974E+00 -1.2172E-04  4.1256E-01  4.9270E-03  1.3372E+00  1.4579E-02
   93  2.5734E+00 -9.2448E-05  3.8895E-01  3.8205E-02  1.2753E+00  1.8725E-02
   94  2.4829E+00 -8.9432E-05  3.5478E-01  2.0567E-02  1.2534E+00 -2.8487E-02
   95  2.4363E+00 -9.9605E-05  3.7870E-01  4.4106E-02  1.2293E+00 -4.3786E-02
   96  2.3908E+00 -1.0153E-04  3.8895E-01  1.7661E-02  1.1856E+00 -1.2941E-02
   97  2.1904E+00 -1.1388E-04  2.7866E-01  1.0171E-02  1.1121E+00 -4.1828E-02
   98  2.1901E+00 -7.4757E-05  3.2721E-01  2.5617E-02  1.0811E+00 -1.4611E-02
   99  2.0731E+00 -8.1192E-05  3.6778E-01  3.8038E-02  1.0453E+00 -1.3975E-02
  100  1.9769E+00 -7.8833E-05  3.5876E-01  1.1560E-02  1.0135E+00 -3.2147E-02
  101  1.9037E+00 -9.2627E-05  2.6815E-01  2.9392E-02  9.2448E-01 -3.1662E-02
  102  1.8303E+00 -9.6747E-05  2.7783E-01  3.0276E-02  9.1739E-01 -2.9579E-02
  103  1.7690E+00 -7.1114E-05  2.6704E-01  1.5979E-02  9.0039E-01 -4.6709E-02
  104  1.6875E+00 -7.0452E-05  2.4289E-01  1.8351E-02  8.3920E-01 -5.4121E-02
  105  1.5947E+00 -7.2681E-05  2.4600E-01  3.8712E-02  8.0649E-01 -3.9595E-02
  106  1.4927E+00 -8.0919E-05  2.1782E-01  3.2489E-02  7.7957E-01 -4.2535E-02
  107  1.4732E+00 -8.1640E-05  1.9240E-01  4.1205E-03  7.2799E-01 -3.9237E-02
  108  1.3966E+00 -5.9087E-05  2.0534E-01  1.7666E-02  6.9833E-01 -4.4228E-02
  109  1.3226E+00 -5.9690E-05  1.6161E-01  1.7042E-02  6.6444E-01 -4.7075E-02
  110  1.1969E+00 -5.9949E-05  1.4749E-01  1.7674E-02  6.1595E-01 -7.5518E-02
  111  1.1374E+00 -6.3864E-05  1.5181E-01  2.6622E-02  5.7695E-01 -6.6362E-02
  112  1.0760E+00 -6.6719E-05  1.6383E-01  2.3270E-02  5.4355E-01 -7.1750E-02
  113  9.8702E-01 -4.2765E-05  1.2688E-01  1.7028E-02  5.0265E-01 -7.2131E-02
  114  9.5460E-01 -4.6241E-05  1.4699E-01  2.7018E-02  4.8697E-01 -5.5767E-02
  115  8.9603E-01 -4.7523E-05  1.0191E-01  5.4080E-03  4.4689E-01 -6.6320E-02
  116  8.2472E-01 -4.9345E-05  8.1854E-02  8.0961E-03  4.1306E-01 -8.0144E-02
  117  7.8234E-01 -5.1470E-05  1.0882E-01  1.4438E-02  3.9537E-01 -6.6038E-02
  118  7.5240E-01 -2.9872E-05  1.0116E-01  2.4092E-02  3.5436E-01 -6.2352E-02
  119  6.6210E-01 -3.1309E-05  7.5101E-02  2.3116E-02  3.3750E-01 -8.1095E-02
  120  5.9891E-01 -2.8760E-05  5.5557E-02  1.8057E-02  3.1875E-01 -6.3025E-02
  121  5.7628E-01 -3.1100E-05  4.8481E-02  1.3145E-02  2.9221E-01 -7.5525E-02
  122  5.5817E-01 -3.1482E-05  4.4163E-02  7.1027E-03  2.7088E-01 -5.8717E-02
  123  5.0368E-01 -1.8069E-05  3.7572E-02 -1.3083E-03  2.5762E-01 -6.9869E-02
  124  4.6624E-01 -1.8835E-05  3.8609E-02  1.4145E-02  2.2969E-01 -4.7891E-02
  125  4.1491E-01 -1.9483E-05  2.5630E-02  1.4484E-02  2.0090E-01 -6.6050E-02
  126  3.7541E-01 -2.2972E-05  2.0060E-02  7.5614E-03  1.9400E-01 -4.3930E-02
  127  3.5587E-01 -2.3303E-05  6.3574E-03  1.8450E-02  1.8356E-01 -4.6176E-02
  128  3.2376E-01 -1.3830E-05  8.8377E-03  2.0022E-02  1.6744E-01 -4.4987E-02
  129  3.1270E-01 -1.3474E-05  1.2619E-02  1.0150E-02  1.5073E-01 -4.2541E-02
  130  2.4548E-01 -1.3759E-05  3.7293E-03  2.0313E-02  1.3752E-01 -5.9468E-02
  131  2.2517E-01 -1.5411E-05 -3.7926E-03  2.3372E-02  1.1349E-01 -4.4411E-02
  132  2.2043E-01 -1.6504E-05  4.8703E-04  1.1016E-02  1.1462E-01 -4.0340E-02
  133  2.0712E-01 -5.9885E-06  1.2622E-02  1.1986E-02  1.0579E-01 -3.9812E-02
  134  1.7950E-01 -7.1640E-06  2.0220E-03  1.2368E-02  9.2319E-02 -3.5043E-02
  135  1.6165E-01 -8.3923E-06 -3.1294E-03  1.5496E-02  8.0582E-02 -4.3277E-02
  136  1.2617E-01 -8.8922E-06 -6.8444E-03  1.0768E-02  7.3920E-02 -3.4538E-02
  137  1.4870E-01 -1.0791E-05 -2.1596E-04  1.0212E-02  6.7163E-02 -2.7310E-02
  138  1.0008E-01 -3.6923E-06 -1.2750E-02  1.1220E-02  5.8916E-02 -3.1678E-02
  139  9.0201E-02 -3.2865E-06 -1.3516E-02  9.5811E-03  5.2670E-02 -3.0150E-02
  140  7.4810E-02 -3.3357E-06 -1.4350E-02  3.4832E-03  4.4738E-02 -2.8230E-02
  141  7.7109E-02 -4.2022E-06 -6.3690E-03  1.1356E-02  4.0541E-02 -2.3865E-02
  142  5.7275E-02 -6.2924E-06 -1.1282E-02  6.1963E-03  3.4725E-02 -2.1213E-02
  143  5.6725E-02 -1.8811E-06 -9.4612E-03  4.8350E-03  3.3861E-02 -2.3541E-02
  144  4.6142E-02 -2.5806E-06 -1.3890E-02  4.7982E-03  2.5545E-02 -2.1603E-02
  145  4.4188E-02 -2.8108E-06 -1.1008E-02  5.5666E-03  2.7766E-02 -1.8982E-02
  146  4.7972E-02 -4.1061E-06 -6.7559E-03  5.6651E-03  2.2665E-02 -1.6194E-02
  147  4.3310E-02 -5.2724E-06 -6.7803E-03  4.1229E-03  2.5032E-02 -1.4697E-02
  148  4.1432E-02 -2.1234E-06 -6.0689E-03  5.2379E-03  1.8327E-02 -1.3271E-02
  149  3.2587E-02 -2.0843E-06 -6.4582E-03  3.2110E-03  1.7638E-02 -1.5408E-02
  150  3.5591E-02 -2.3969E-06 -3.2581E-03  4.3173E-03  1.4028E-02 -9.4819E-03
  151  2.4846E-02 -2.2647E-06 -4.5908E-03  2.1573E-03  1.4358E-02 -1.2433E-02
  152  2.3311E-02 -3.0923E-06 -3.7019E-03  2.6525E-03  1.0551E-02 -7.2129E-03
  153  2.1236E-02  1.2531E-07 -2.3796E-04  1.8833E-03  1.0571E-02 -6.9701E-03
  154  1.9381E-02 -7.9182E-07 -1.4511E-03  1.1120E-03  7.8110E-03 -6.2802E-03
  155  9.6710E-03 -7.9305E-09 -3.3809E-03  1.0799E-03  4.2203E-03 -5.7394E-03
  156  1.0424E-02 -6.9266E-07 -2.0066E-03  8.6038E-04  4.0810E-03 -5.0181E-03
  157  8.4333E-03 -1.2440E-06  9.0203E-04  5.1494E-04  2.4436E-03 -1.2630E-03
  158  3.5449E-03 -1.7977E-07 -3.8571E-04  8.5401E-04  2.6676E-03 -2.4780E-03
  159  3.0147E-03 -2.3394E-07  3.6387E-04 -3.6794E-04  8.3403E-04 -6.4932E-04
  160  1.7238E-03 -2.4628E-07  1.2495E-04  6.8812E-04  8.0787E-04 -6.7964E-04
