****************************************************
****************************************************
 mstm calculation results
 date, time:
20250324 063758.194 
 input file:
lk1.inp
****************************************************
 input variables for run     1
 sphere data input file:
lkpos1.pos
 number spheres
16384
 length, ref index scale factors
  1.0000000E+00  1.6750000E+00  2.1200000E-02
 volume cluster radius, area mean sphere radius, circumscribing radius, cross section radius
  2.5398331E+01  1.0000000E+00  8.3319079E+01  2.5398331E+01
 incident plane wave
 Monte Carlo average over incident directions
 t matrix order:
    80
 layer 0 refractive index
  1.0000E+00  0.0000E+00
 number of plane boundaries 
  0
 max_iterations,solution_epsilon, mie_epsilon
       100  1.0000E-07  1.0000E-06
 maximum Mie order, number of equations:
   4    786432
 mean sphere Mie extinction, absorption efficiencies
  4.4073E-01  6.1492E-02
 fft translation option implemented
 cell width, cell volume fraction, cell dimension:
      60      60      54  5.0000E-01  1.9420E+00
 number of neighbor nodes, node order:
   26    4
****************************************************
 calculation results for run 
           1
 incidence averages collected: sample:
   96
 number iterations, error, solution time 
   101  5.8459E-06  6.3077E+03
 total extinction, absorption, scattering efficiencies (unpolarized incidence)
  9.6682E+00  1.4491E+00  8.2191E+00
  down and up hemispherical scattering efficiencies (unpol, par, perp) 
  1.1313E+00  7.1020E+00  1.1393E+00  7.1044E+00  1.1232E+00  7.0997E+00
 azimuthal averaged scattering matrix
 number directions, number SM elements:
   181     6
   theta     11          12          22          33          34          44     
    0.00  1.5479E+07 -1.1675E-07  9.9995E-01  9.9995E-01 -2.7258E-08  9.9993E-01
    1.00  1.1913E+07 -1.8170E-04  9.9994E-01  9.9994E-01 -3.2976E-05  9.9990E-01
    2.00  5.1100E+06 -7.8346E-04  9.9985E-01  9.9985E-01  2.0158E-05  9.9977E-01
    3.00  9.6038E+05 -2.0747E-03  9.9916E-01  9.9919E-01  1.4012E-03  9.9878E-01
    4.00  1.6643E+05 -2.5826E-03  9.9525E-01  9.9535E-01  2.2913E-03  9.9303E-01
    5.00  2.7691E+05 -3.9909E-03  9.9725E-01  9.9719E-01 -4.9112E-03  9.9589E-01
    6.00  1.8603E+05 -7.2208E-03  9.9594E-01  9.9573E-01 -4.5817E-03  9.9388E-01
    7.00  9.2947E+04 -9.4971E-03  9.9162E-01  9.9136E-01  3.9108E-03  9.8759E-01
    8.00  7.7607E+04 -1.2406E-02  9.8962E-01  9.8954E-01  4.5616E-03  9.8490E-01
    9.00  6.8376E+04 -1.8193E-02  9.8821E-01  9.8807E-01  9.4253E-04  9.8282E-01
   10.00  5.3432E+04 -2.3056E-02  9.8526E-01  9.8501E-01  3.1079E-03  9.7842E-01
   11.00  3.9743E+04 -2.8122E-02  9.8041E-01  9.8018E-01  8.7220E-03  9.7118E-01
   12.00  3.5923E+04 -2.8754E-02  9.7808E-01  9.7788E-01  1.3614E-02  9.6741E-01
   13.00  3.5129E+04 -2.8051E-02  9.7747E-01  9.7705E-01  1.3336E-02  9.6629E-01
   14.00  2.8556E+04 -3.3650E-02  9.7257E-01  9.7159E-01  1.3741E-02  9.5901E-01
   15.00  2.3351E+04 -3.6934E-02  9.6666E-01  9.6514E-01  2.0296E-02  9.5020E-01
   16.00  2.1821E+04 -3.3316E-02  9.6416E-01  9.6277E-01  2.2831E-02  9.4659E-01
   17.00  1.9981E+04 -3.6322E-02  9.6076E-01  9.5922E-01  1.9925E-02  9.4166E-01
   18.00  1.7901E+04 -4.2710E-02  9.5619E-01  9.5383E-01  2.2061E-02  9.3487E-01
   19.00  1.6417E+04 -4.1967E-02  9.5185E-01  9.4946E-01  2.5907E-02  9.2905E-01
   20.00  1.5298E+04 -4.1111E-02  9.4735E-01  9.4603E-01  2.5150E-02  9.2362E-01
   21.00  1.3951E+04 -4.4112E-02  9.4133E-01  9.4014E-01  2.5321E-02  9.1543E-01
   22.00  1.2364E+04 -4.4708E-02  9.3390E-01  9.3115E-01  2.3699E-02  9.0456E-01
   23.00  1.1242E+04 -4.7851E-02  9.2835E-01  9.2394E-01  1.5986E-02  8.9645E-01
   24.00  1.0484E+04 -5.8333E-02  9.2421E-01  9.1878E-01  1.5116E-02  8.9024E-01
   25.00  9.7368E+03 -6.4431E-02  9.1866E-01  9.1261E-01  2.3905E-02  8.8214E-01
   26.00  9.0663E+03 -6.0838E-02  9.1164E-01  9.0650E-01  2.5323E-02  8.7315E-01
   27.00  8.4370E+03 -5.9750E-02  9.0316E-01  9.0022E-01  1.5392E-02  8.6328E-01
   28.00  7.9183E+03 -6.8317E-02  8.9508E-01  8.9313E-01  1.0530E-02  8.5367E-01
   29.00  7.5768E+03 -7.7184E-02  8.8879E-01  8.8643E-01  1.7153E-02  8.4564E-01
   30.00  7.2317E+03 -8.0072E-02  8.8191E-01  8.7951E-01  2.0681E-02  8.3676E-01
   31.00  6.8407E+03 -8.5090E-02  8.7425E-01  8.7204E-01  1.2000E-02  8.2690E-01
   32.00  6.5262E+03 -9.6406E-02  8.6793E-01  8.6514E-01  2.7545E-03  8.1794E-01
   33.00  6.2946E+03 -1.0439E-01  8.6280E-01  8.5842E-01  3.4798E-03  8.0945E-01
   34.00  6.0684E+03 -1.0481E-01  8.5762E-01  8.5118E-01  5.8165E-03  8.0156E-01
   35.00  5.8412E+03 -1.0768E-01  8.5297E-01  8.4477E-01  3.5389E-03  7.9620E-01
   36.00  5.6249E+03 -1.1968E-01  8.4901E-01  8.3824E-01  3.9483E-03  7.9122E-01
   37.00  5.3780E+03 -1.3217E-01  8.4274E-01  8.2818E-01  8.2699E-03  7.8119E-01
   38.00  5.1574E+03 -1.3332E-01  8.3388E-01  8.1813E-01  7.6894E-03  7.6934E-01
   39.00  5.0366E+03 -1.2848E-01  8.2633E-01  8.1295E-01  1.8963E-03  7.6203E-01
   40.00  4.9087E+03 -1.3344E-01  8.1903E-01  8.0596E-01 -1.5417E-03  7.5310E-01
   41.00  4.7260E+03 -1.4810E-01  8.1003E-01  7.9302E-01 -2.9682E-03  7.3892E-01
   42.00  4.5822E+03 -1.6033E-01  8.0286E-01  7.8182E-01 -5.5299E-03  7.2826E-01
   43.00  4.4489E+03 -1.6781E-01  7.9751E-01  7.7452E-01 -5.4821E-03  7.2142E-01
   44.00  4.2648E+03 -1.7648E-01  7.9067E-01  7.6555E-01 -2.7902E-03  7.1064E-01
   45.00  4.1049E+03 -1.8747E-01  7.8409E-01  7.5596E-01 -4.8001E-03  6.9884E-01
   46.00  4.0221E+03 -1.9793E-01  7.7915E-01  7.4892E-01 -1.0688E-02  6.9172E-01
   47.00  3.9616E+03 -2.0501E-01  7.7293E-01  7.4156E-01 -1.3631E-02  6.8561E-01
   48.00  3.8780E+03 -2.0959E-01  7.6509E-01  7.3154E-01 -1.5213E-02  6.7611E-01
   49.00  3.8017E+03 -2.1744E-01  7.5942E-01  7.2135E-01 -1.8321E-02  6.6548E-01
   50.00  3.7742E+03 -2.3041E-01  7.5844E-01  7.1374E-01 -1.9229E-02  6.5840E-01
   51.00  3.7502E+03 -2.4268E-01  7.5823E-01  7.0730E-01 -1.5799E-02  6.5359E-01
   52.00  3.6625E+03 -2.4986E-01  7.5217E-01  6.9896E-01 -1.2103E-02  6.4535E-01
   53.00  3.5502E+03 -2.5407E-01  7.4069E-01  6.8834E-01 -1.1800E-02  6.3338E-01
   54.00  3.4786E+03 -2.6003E-01  7.3046E-01  6.7705E-01 -1.2685E-02  6.2269E-01
   55.00  3.4354E+03 -2.6966E-01  7.2445E-01  6.6633E-01 -1.1781E-02  6.1487E-01
   56.00  3.3856E+03 -2.8106E-01  7.2053E-01  6.5581E-01 -1.1376E-02  6.0636E-01
   57.00  3.3198E+03 -2.9175E-01  7.1613E-01  6.4307E-01 -1.4915E-02  5.9388E-01
   58.00  3.2489E+03 -3.0201E-01  7.1053E-01  6.2826E-01 -2.1081E-02  5.7961E-01
   59.00  3.1914E+03 -3.1319E-01  7.0476E-01  6.1560E-01 -2.3846E-02  5.6856E-01
   60.00  3.1372E+03 -3.2399E-01  6.9864E-01  6.0501E-01 -2.1191E-02  5.5934E-01
   61.00  3.0727E+03 -3.3301E-01  6.9148E-01  5.9238E-01 -1.9830E-02  5.4736E-01
   62.00  3.0144E+03 -3.4127E-01  6.8423E-01  5.7751E-01 -2.4358E-02  5.3386E-01
   63.00  2.9600E+03 -3.4819E-01  6.7670E-01  5.6287E-01 -3.0149E-02  5.2125E-01
   64.00  2.8942E+03 -3.5306E-01  6.6863E-01  5.4969E-01 -3.2085E-02  5.0863E-01
   65.00  2.8361E+03 -3.5970E-01  6.6203E-01  5.3645E-01 -3.0153E-02  4.9457E-01
   66.00  2.7970E+03 -3.6906E-01  6.5607E-01  5.1968E-01 -2.6931E-02  4.7812E-01
   67.00  2.7643E+03 -3.7615E-01  6.4849E-01  5.0165E-01 -2.6092E-02  4.6154E-01
   68.00  2.7396E+03 -3.8212E-01  6.4260E-01  4.8851E-01 -2.9162E-02  4.4924E-01
   69.00  2.7268E+03 -3.9338E-01  6.4202E-01  4.7880E-01 -3.1852E-02  4.4072E-01
   70.00  2.7137E+03 -4.0735E-01  6.4271E-01  4.6613E-01 -2.9777E-02  4.3125E-01
   71.00  2.6851E+03 -4.1597E-01  6.3858E-01  4.4882E-01 -2.6944E-02  4.1782E-01
   72.00  2.6402E+03 -4.2067E-01  6.3106E-01  4.2931E-01 -2.8900E-02  4.0202E-01
   73.00  2.5891E+03 -4.2837E-01  6.2490E-01  4.0979E-01 -3.1527E-02  3.8721E-01
   74.00  2.5402E+03 -4.3749E-01  6.1976E-01  3.9052E-01 -3.0898E-02  3.7296E-01
   75.00  2.5068E+03 -4.4325E-01  6.1493E-01  3.7286E-01 -3.2221E-02  3.5825E-01
   76.00  2.4923E+03 -4.4751E-01  6.1236E-01  3.5810E-01 -3.6642E-02  3.4411E-01
   77.00  2.4725E+03 -4.5308E-01  6.0953E-01  3.4217E-01 -3.8822E-02  3.2803E-01
   78.00  2.4356E+03 -4.5897E-01  6.0251E-01  3.2297E-01 -3.7540E-02  3.0905E-01
   79.00  2.4032E+03 -4.6391E-01  5.9381E-01  3.0497E-01 -3.4850E-02  2.9163E-01
   80.00  2.3875E+03 -4.6877E-01  5.8752E-01  2.8865E-01 -3.2161E-02  2.7611E-01
   81.00  2.3749E+03 -4.7432E-01  5.8340E-01  2.6954E-01 -2.9965E-02  2.5903E-01
   82.00  2.3533E+03 -4.7887E-01  5.8013E-01  2.4715E-01 -2.9505E-02  2.4042E-01
   83.00  2.3292E+03 -4.8085E-01  5.7737E-01  2.2428E-01 -3.3552E-02  2.2208E-01
   84.00  2.3156E+03 -4.8217E-01  5.7488E-01  2.0311E-01 -4.1660E-02  2.0562E-01
   85.00  2.3089E+03 -4.8482E-01  5.7238E-01  1.8463E-01 -4.7360E-02  1.9191E-01
   86.00  2.2910E+03 -4.8597E-01  5.6865E-01  1.6846E-01 -4.6471E-02  1.8037E-01
   87.00  2.2588E+03 -4.8384E-01  5.6206E-01  1.5225E-01 -4.2579E-02  1.6929E-01
   88.00  2.2253E+03 -4.8266E-01  5.5419E-01  1.3313E-01 -3.8929E-02  1.5569E-01
   89.00  2.2028E+03 -4.8554E-01  5.4950E-01  1.1180E-01 -3.5938E-02  1.3805E-01
   90.00  2.1976E+03 -4.8990E-01  5.4900E-01  9.1423E-02 -3.6424E-02  1.1927E-01
   91.00  2.2027E+03 -4.9190E-01  5.4885E-01  7.3001E-02 -4.0716E-02  1.0265E-01
   92.00  2.2008E+03 -4.9166E-01  5.4726E-01  5.6093E-02 -4.3351E-02  8.7594E-02
   93.00  2.1868E+03 -4.9190E-01  5.4599E-01  3.9376E-02 -4.1277E-02  7.1863E-02
   94.00  2.1696E+03 -4.9162E-01  5.4503E-01  2.0686E-02 -3.9171E-02  5.5192E-02
   95.00  2.1561E+03 -4.8836E-01  5.4286E-01  7.3168E-04 -4.1865E-02  3.9089E-02
   96.00  2.1465E+03 -4.8393E-01  5.4017E-01 -1.8484E-02 -4.5266E-02  2.3841E-02
   97.00  2.1384E+03 -4.8058E-01  5.3844E-01 -3.7903E-02 -4.4356E-02  7.7729E-03
   98.00  2.1346E+03 -4.7831E-01  5.3823E-01 -5.7367E-02 -4.3865E-02 -9.4789E-03
   99.00  2.1409E+03 -4.7828E-01  5.4018E-01 -7.3827E-02 -4.7894E-02 -2.5479E-02
  100.00  2.1508E+03 -4.7892E-01  5.4357E-01 -8.7938E-02 -4.9947E-02 -3.8807E-02
  101.00  2.1487E+03 -4.7466E-01  5.4565E-01 -1.0332E-01 -4.6009E-02 -5.0827E-02
  102.00  2.1359E+03 -4.6603E-01  5.4513E-01 -1.2082E-01 -4.2521E-02 -6.3850E-02
  103.00  2.1301E+03 -4.5924E-01  5.4359E-01 -1.3911E-01 -4.4461E-02 -7.9652E-02
  104.00  2.1351E+03 -4.5548E-01  5.4196E-01 -1.5722E-01 -4.7848E-02 -9.6893E-02
  105.00  2.1391E+03 -4.5111E-01  5.3986E-01 -1.7473E-01 -4.8311E-02 -1.1170E-01
  106.00  2.1417E+03 -4.4700E-01  5.3945E-01 -1.9086E-01 -4.7213E-02 -1.2268E-01
  107.00  2.1460E+03 -4.4600E-01  5.4256E-01 -2.0656E-01 -4.5307E-02 -1.3341E-01
  108.00  2.1430E+03 -4.4349E-01  5.4631E-01 -2.2493E-01 -4.1638E-02 -1.4801E-01
  109.00  2.1343E+03 -4.3447E-01  5.4844E-01 -2.4451E-01 -3.8347E-02 -1.6445E-01
  110.00  2.1331E+03 -4.2252E-01  5.4961E-01 -2.6009E-01 -3.7473E-02 -1.7736E-01
  111.00  2.1354E+03 -4.1185E-01  5.4938E-01 -2.7232E-01 -3.9119E-02 -1.8723E-01
  112.00  2.1313E+03 -4.0193E-01  5.4753E-01 -2.8610E-01 -4.1139E-02 -1.9876E-01
  113.00  2.1249E+03 -3.9120E-01  5.4583E-01 -3.0310E-01 -3.9259E-02 -2.1322E-01
  114.00  2.1220E+03 -3.7987E-01  5.4495E-01 -3.2176E-01 -3.5639E-02 -2.2837E-01
  115.00  2.1205E+03 -3.7103E-01  5.4450E-01 -3.3864E-01 -3.5069E-02 -2.4137E-01
  116.00  2.1177E+03 -3.6499E-01  5.4573E-01 -3.5090E-01 -3.4785E-02 -2.5101E-01
  117.00  2.1162E+03 -3.5774E-01  5.4953E-01 -3.5961E-01 -3.3417E-02 -2.5826E-01
  118.00  2.1207E+03 -3.4868E-01  5.5377E-01 -3.6751E-01 -3.4654E-02 -2.6434E-01
  119.00  2.1248E+03 -3.3887E-01  5.5567E-01 -3.7644E-01 -3.7896E-02 -2.7101E-01
  120.00  2.1267E+03 -3.2825E-01  5.5590E-01 -3.8856E-01 -3.9821E-02 -2.8124E-01
  121.00  2.1412E+03 -3.1980E-01  5.5734E-01 -4.0456E-01 -3.9976E-02 -2.9539E-01
  122.00  2.1658E+03 -3.1597E-01  5.5980E-01 -4.2001E-01 -3.8632E-02 -3.0790E-01
  123.00  2.1764E+03 -3.1160E-01  5.6081E-01 -4.3116E-01 -3.5089E-02 -3.1472E-01
  124.00  2.1741E+03 -2.9917E-01  5.6105E-01 -4.4064E-01 -2.9560E-02 -3.2083E-01
  125.00  2.1835E+03 -2.8228E-01  5.6350E-01 -4.5134E-01 -2.6073E-02 -3.3161E-01
  126.00  2.2093E+03 -2.7211E-01  5.6830E-01 -4.6177E-01 -3.0200E-02 -3.4274E-01
  127.00  2.2330E+03 -2.6896E-01  5.7303E-01 -4.7130E-01 -3.9011E-02 -3.4942E-01
  128.00  2.2423E+03 -2.6388E-01  5.7717E-01 -4.8127E-01 -4.3000E-02 -3.5568E-01
  129.00  2.2423E+03 -2.5248E-01  5.8154E-01 -4.9041E-01 -4.0209E-02 -3.6399E-01
  130.00  2.2484E+03 -2.3804E-01  5.8509E-01 -4.9653E-01 -3.6681E-02 -3.6886E-01
  131.00  2.2690E+03 -2.2654E-01  5.8689E-01 -5.0188E-01 -3.5397E-02 -3.6956E-01
  132.00  2.2897E+03 -2.2117E-01  5.8826E-01 -5.0958E-01 -3.5740E-02 -3.7322E-01
  133.00  2.2936E+03 -2.1802E-01  5.9014E-01 -5.1813E-01 -3.6245E-02 -3.8176E-01
  134.00  2.2908E+03 -2.1054E-01  5.9253E-01 -5.2617E-01 -3.4156E-02 -3.9106E-01
  135.00  2.3022E+03 -1.9880E-01  5.9584E-01 -5.3575E-01 -3.1298E-02 -3.9919E-01
  136.00  2.3199E+03 -1.8599E-01  5.9847E-01 -5.4641E-01 -3.1205E-02 -4.0517E-01
  137.00  2.3264E+03 -1.7444E-01  5.9930E-01 -5.5449E-01 -3.2793E-02 -4.0786E-01
  138.00  2.3365E+03 -1.6637E-01  6.0189E-01 -5.6080E-01 -3.5792E-02 -4.1131E-01
  139.00  2.3646E+03 -1.6015E-01  6.0686E-01 -5.6873E-01 -3.9147E-02 -4.1900E-01
  140.00  2.3874E+03 -1.5252E-01  6.0924E-01 -5.7568E-01 -3.7710E-02 -4.2596E-01
  141.00  2.3903E+03 -1.4236E-01  6.0953E-01 -5.7816E-01 -3.0931E-02 -4.2943E-01
  142.00  2.3928E+03 -1.2885E-01  6.1184E-01 -5.8006E-01 -2.5088E-02 -4.3319E-01
  143.00  2.4011E+03 -1.1577E-01  6.1464E-01 -5.8482E-01 -2.3171E-02 -4.3604E-01
  144.00  2.4005E+03 -1.1068E-01  6.1570E-01 -5.8852E-01 -2.3420E-02 -4.3474E-01
  145.00  2.3965E+03 -1.1072E-01  6.1727E-01 -5.8986E-01 -2.5374E-02 -4.3573E-01
  146.00  2.4081E+03 -1.0770E-01  6.2150E-01 -5.9268E-01 -2.8607E-02 -4.4405E-01
  147.00  2.4337E+03 -1.0097E-01  6.2763E-01 -5.9719E-01 -2.9518E-02 -4.5223E-01
  148.00  2.4667E+03 -9.3498E-02  6.3343E-01 -6.0407E-01 -2.5856E-02 -4.5688E-01
  149.00  2.5070E+03 -8.7253E-02  6.3716E-01 -6.1450E-01 -2.2557E-02 -4.6299E-01
  150.00  2.5381E+03 -8.2781E-02  6.3871E-01 -6.2221E-01 -2.2250E-02 -4.6876E-01
  151.00  2.5554E+03 -7.8928E-02  6.4114E-01 -6.2254E-01 -2.0911E-02 -4.6994E-01
  152.00  2.5861E+03 -7.2453E-02  6.4825E-01 -6.2141E-01 -1.8662E-02 -4.7055E-01
  153.00  2.6293E+03 -6.5413E-02  6.5684E-01 -6.2658E-01 -1.8864E-02 -4.7587E-01
  154.00  2.6577E+03 -6.0675E-02  6.5962E-01 -6.3596E-01 -2.0549E-02 -4.8194E-01
  155.00  2.6729E+03 -5.5716E-02  6.5689E-01 -6.4331E-01 -2.0198E-02 -4.8432E-01
  156.00  2.6903E+03 -4.9237E-02  6.5552E-01 -6.4919E-01 -1.8418E-02 -4.8740E-01
  157.00  2.7154E+03 -4.0996E-02  6.5886E-01 -6.5447E-01 -1.7497E-02 -4.9257E-01
  158.00  2.7410E+03 -3.3164E-02  6.6478E-01 -6.5556E-01 -1.4970E-02 -4.9518E-01
  159.00  2.7500E+03 -2.7091E-02  6.7059E-01 -6.5183E-01 -1.0486E-02 -4.9449E-01
  160.00  2.7471E+03 -2.4178E-02  6.7457E-01 -6.4898E-01 -9.5099E-03 -4.9420E-01
  161.00  2.7593E+03 -2.5022E-02  6.7536E-01 -6.5130E-01 -1.3213E-02 -4.9629E-01
  162.00  2.7868E+03 -2.1779E-02  6.7330E-01 -6.5404E-01 -1.5069E-02 -4.9731E-01
  163.00  2.8125E+03 -1.3407E-02  6.7163E-01 -6.5442E-01 -1.4488E-02 -4.9598E-01
  164.00  2.8539E+03 -8.1025E-03  6.7476E-01 -6.5695E-01 -1.5120E-02 -4.9647E-01
  165.00  2.9256E+03 -5.7315E-03  6.8163E-01 -6.6230E-01 -1.3563E-02 -4.9967E-01
  166.00  3.0043E+03 -2.0708E-03  6.8673E-01 -6.6568E-01 -1.1495E-02 -5.0129E-01
  167.00  3.0728E+03  4.5549E-03  6.8897E-01 -6.6730E-01 -1.3420E-02 -5.0078E-01
  168.00  3.1227E+03  1.6754E-02  6.9022E-01 -6.7094E-01 -1.4682E-02 -5.0095E-01
  169.00  3.1526E+03  3.0478E-02  6.9156E-01 -6.7490E-01 -1.2708E-02 -5.0212E-01
  170.00  3.1947E+03  3.5454E-02  6.9313E-01 -6.7677E-01 -1.2291E-02 -5.0315E-01
  171.00  3.2585E+03  3.0437E-02  6.9357E-01 -6.7613E-01 -1.4055E-02 -5.0009E-01
  172.00  3.3110E+03  2.4904E-02  6.9562E-01 -6.7699E-01 -1.3965E-02 -4.9832E-01
  173.00  3.3757E+03  2.2368E-02  7.0342E-01 -6.8721E-01 -1.3619E-02 -5.0955E-01
  174.00  3.4941E+03  1.5085E-02  7.1127E-01 -7.0214E-01 -9.9123E-03 -5.2287E-01
  175.00  3.6310E+03  5.3843E-03  7.1262E-01 -7.1131E-01 -3.9903E-04 -5.2179E-01
  176.00  3.7845E+03  9.5795E-03  7.1079E-01 -7.1373E-01  2.1870E-03 -5.0708E-01
  177.00  4.0132E+03  2.6128E-02  7.0912E-01 -7.1159E-01 -3.8124E-03 -4.8123E-01
  178.00  4.2796E+03  2.9027E-02  7.0906E-01 -7.0977E-01 -5.8590E-03 -4.5277E-01
  179.00  4.4710E+03  1.1714E-02  7.1281E-01 -7.1285E-01 -2.3524E-03 -4.3675E-01
  180.00  4.5350E+03  3.3747E-13  7.1574E-01 -7.1574E-01 -6.6815E-14 -4.3339E-01
 diffuse scattering matrix 
   theta     11          12          22          33          34          44     
    0.00  5.4046E+04 -8.1735E-07  9.8585E-01  9.8585E-01 -1.0880E-06  9.7875E-01
    1.00  1.1790E+05 -8.4749E-04  9.9347E-01  9.9348E-01 -6.4275E-04  9.9031E-01
    2.00  1.6622E+05 -3.2337E-03  9.9528E-01  9.9534E-01 -5.6090E-04  9.9310E-01
    3.00  1.3912E+05 -6.7896E-03  9.9428E-01  9.9446E-01  2.1536E-03  9.9169E-01
    4.00  1.4224E+05 -5.6309E-03  9.9454E-01  9.9467E-01  3.6073E-03  9.9201E-01
    5.00  1.2764E+05 -3.6675E-03  9.9416E-01  9.9407E-01  7.6818E-04  9.9134E-01
    6.00  8.5829E+04 -4.6319E-03  9.9137E-01  9.9099E-01  1.0728E-03  9.8707E-01
    7.00  7.6518E+04 -7.7580E-03  9.8997E-01  9.8966E-01  6.2776E-03  9.8518E-01
    8.00  6.2602E+04 -1.1967E-02  9.8733E-01  9.8724E-01  6.3339E-03  9.8164E-01
    9.00  4.2141E+04 -1.7786E-02  9.8120E-01  9.8107E-01  6.9190E-03  9.7280E-01
   10.00  4.0486E+04 -2.0907E-02  9.8092E-01  9.8063E-01  8.8108E-03  9.7219E-01
   11.00  3.5176E+04 -2.6866E-02  9.7830E-01  9.7798E-01  8.9165E-03  9.6810E-01
   12.00  2.8479E+04 -3.0770E-02  9.7288E-01  9.7246E-01  1.4534E-02  9.5961E-01
   13.00  2.8840E+04 -2.7903E-02  9.7301E-01  9.7241E-01  1.7738E-02  9.5957E-01
   14.00  2.5621E+04 -3.0595E-02  9.6983E-01  9.6888E-01  1.6553E-02  9.5504E-01
   15.00  2.1514E+04 -3.3927E-02  9.6420E-01  9.6290E-01  1.9045E-02  9.4682E-01
   16.00  2.0221E+04 -3.2738E-02  9.6173E-01  9.6052E-01  2.0491E-02  9.4320E-01
   17.00  1.8679E+04 -3.6156E-02  9.5848E-01  9.5708E-01  1.8884E-02  9.3848E-01
   18.00  1.7010E+04 -4.1136E-02  9.5441E-01  9.5232E-01  2.1518E-02  9.3257E-01
   19.00  1.5831E+04 -4.0302E-02  9.5060E-01  9.4866E-01  2.4318E-02  9.2771E-01
   20.00  1.4740E+04 -4.1181E-02  9.4594E-01  9.4502E-01  2.2993E-02  9.2203E-01
   21.00  1.3357E+04 -4.5311E-02  9.3938E-01  9.3849E-01  2.3838E-02  9.1296E-01
   22.00  1.1906E+04 -4.5559E-02  9.3207E-01  9.2959E-01  2.3382E-02  9.0223E-01
   23.00  1.0956E+04 -4.7998E-02  9.2726E-01  9.2305E-01  1.6327E-02  8.9512E-01
   24.00  1.0221E+04 -5.7461E-02  9.2315E-01  9.1776E-01  1.5073E-02  8.8892E-01
   25.00  9.4372E+03 -6.2628E-02  9.1704E-01  9.1105E-01  2.3169E-02  8.8008E-01
   26.00  8.8046E+03 -5.9096E-02  9.1000E-01  9.0507E-01  2.4301E-02  8.7116E-01
   27.00  8.2565E+03 -5.9046E-02  9.0216E-01  8.9927E-01  1.4365E-02  8.6207E-01
   28.00  7.7843E+03 -6.8485E-02  8.9462E-01  8.9250E-01  9.7118E-03  8.5303E-01
   29.00  7.4474E+03 -7.7477E-02  8.8837E-01  8.8597E-01  1.6359E-02  8.4510E-01
   30.00  7.0949E+03 -8.0693E-02  8.8124E-01  8.7892E-01  1.9865E-02  8.3586E-01
   31.00  6.7138E+03 -8.6180E-02  8.7358E-01  8.7127E-01  1.1686E-02  8.2581E-01
   32.00  6.4095E+03 -9.7208E-02  8.6738E-01  8.6434E-01  2.6524E-03  8.1684E-01
   33.00  6.1776E+03 -1.0519E-01  8.6212E-01  8.5757E-01  2.6032E-03  8.0821E-01
   34.00  5.9563E+03 -1.0611E-01  8.5675E-01  8.5027E-01  4.4750E-03  8.0026E-01
   35.00  5.7396E+03 -1.0850E-01  8.5210E-01  8.4393E-01  2.5250E-03  7.9513E-01
   36.00  5.5357E+03 -1.1916E-01  8.4842E-01  8.3791E-01  3.2510E-03  7.9078E-01
   37.00  5.2987E+03 -1.3092E-01  8.4240E-01  8.2846E-01  7.5491E-03  7.8138E-01
   38.00  5.0824E+03 -1.3271E-01  8.3359E-01  8.1852E-01  7.2573E-03  7.6973E-01
   39.00  4.9562E+03 -1.2877E-01  8.2588E-01  8.1275E-01  2.2549E-03  7.6195E-01
   40.00  4.8278E+03 -1.3365E-01  8.1856E-01  8.0539E-01 -9.0286E-04  7.5268E-01
   41.00  4.6631E+03 -1.4787E-01  8.1012E-01  7.9302E-01 -2.3424E-03  7.3918E-01
   42.00  4.5295E+03 -1.6004E-01  8.0321E-01  7.8212E-01 -4.6999E-03  7.2891E-01
   43.00  4.3880E+03 -1.6745E-01  7.9731E-01  7.7435E-01 -5.1036E-03  7.2141E-01
   44.00  4.1984E+03 -1.7610E-01  7.9003E-01  7.6523E-01 -3.2669E-03  7.1007E-01
   45.00  4.0404E+03 -1.8740E-01  7.8336E-01  7.5578E-01 -5.6866E-03  6.9809E-01
   46.00  3.9626E+03 -1.9786E-01  7.7847E-01  7.4883E-01 -1.1483E-02  6.9107E-01
   47.00  3.9078E+03 -2.0468E-01  7.7244E-01  7.4145E-01 -1.3907E-02  6.8521E-01
   48.00  3.8271E+03 -2.0954E-01  7.6481E-01  7.3122E-01 -1.5094E-02  6.7572E-01
   49.00  3.7526E+03 -2.1802E-01  7.5926E-01  7.2094E-01 -1.8216E-02  6.6503E-01
   50.00  3.7254E+03 -2.3109E-01  7.5823E-01  7.1335E-01 -1.9325E-02  6.5799E-01
   51.00  3.7008E+03 -2.4278E-01  7.5792E-01  7.0692E-01 -1.6187E-02  6.5337E-01
   52.00  3.6145E+03 -2.4926E-01  7.5184E-01  6.9868E-01 -1.2596E-02  6.4536E-01
   53.00  3.5032E+03 -2.5312E-01  7.4028E-01  6.8823E-01 -1.2211E-02  6.3342E-01
   54.00  3.4330E+03 -2.5923E-01  7.3019E-01  6.7734E-01 -1.2971E-02  6.2289E-01
   55.00  3.3932E+03 -2.6920E-01  7.2452E-01  6.6716E-01 -1.1560E-02  6.1546E-01
   56.00  3.3469E+03 -2.8077E-01  7.2073E-01  6.5673E-01 -1.0640E-02  6.0697E-01
   57.00  3.2825E+03 -2.9149E-01  7.1620E-01  6.4349E-01 -1.4456E-02  5.9401E-01
   58.00  3.2108E+03 -3.0155E-01  7.1040E-01  6.2833E-01 -2.1078E-02  5.7947E-01
   59.00  3.1520E+03 -3.1211E-01  7.0446E-01  6.1585E-01 -2.3872E-02  5.6868E-01
   60.00  3.0982E+03 -3.2257E-01  6.9816E-01  6.0534E-01 -2.1301E-02  5.5956E-01
   61.00  3.0363E+03 -3.3204E-01  6.9099E-01  5.9232E-01 -1.9985E-02  5.4730E-01
   62.00  2.9806E+03 -3.4097E-01  6.8397E-01  5.7710E-01 -2.4376E-02  5.3364E-01
   63.00  2.9265E+03 -3.4823E-01  6.7664E-01  5.6240E-01 -3.0254E-02  5.2112E-01
   64.00  2.8594E+03 -3.5305E-01  6.6862E-01  5.4913E-01 -3.2447E-02  5.0857E-01
   65.00  2.8010E+03 -3.5948E-01  6.6216E-01  5.3575E-01 -3.0631E-02  4.9456E-01
   66.00  2.7631E+03 -3.6881E-01  6.5631E-01  5.1901E-01 -2.7316E-02  4.7813E-01
   67.00  2.7318E+03 -3.7608E-01  6.4854E-01  5.0122E-01 -2.6433E-02  4.6164E-01
   68.00  2.7092E+03 -3.8229E-01  6.4249E-01  4.8861E-01 -2.9453E-02  4.4979E-01
   69.00  2.6991E+03 -3.9371E-01  6.4219E-01  4.7936E-01 -3.1803E-02  4.4182E-01
   70.00  2.6869E+03 -4.0758E-01  6.4323E-01  4.6667E-01 -2.9442E-02  4.3237E-01
   71.00  2.6575E+03 -4.1592E-01  6.3913E-01  4.4916E-01 -2.6496E-02  4.1868E-01
   72.00  2.6121E+03 -4.2038E-01  6.3127E-01  4.2947E-01 -2.8282E-02  4.0255E-01
   73.00  2.5608E+03 -4.2807E-01  6.2472E-01  4.0959E-01 -3.0967E-02  3.8715E-01
   74.00  2.5125E+03 -4.3728E-01  6.1957E-01  3.9016E-01 -3.0645E-02  3.7254E-01
   75.00  2.4798E+03 -4.4305E-01  6.1489E-01  3.7265E-01 -3.2120E-02  3.5804E-01
   76.00  2.4662E+03 -4.4733E-01  6.1234E-01  3.5795E-01 -3.6591E-02  3.4423E-01
   77.00  2.4480E+03 -4.5314E-01  6.0952E-01  3.4200E-01 -3.8640E-02  3.2825E-01
   78.00  2.4121E+03 -4.5931E-01  6.0258E-01  3.2283E-01 -3.6952E-02  3.0900E-01
   79.00  2.3795E+03 -4.6448E-01  5.9392E-01  3.0486E-01 -3.4180E-02  2.9109E-01
   80.00  2.3625E+03 -4.6946E-01  5.8766E-01  2.8840E-01 -3.2006E-02  2.7526E-01
   81.00  2.3487E+03 -4.7491E-01  5.8354E-01  2.6889E-01 -3.0427E-02  2.5812E-01
   82.00  2.3274E+03 -4.7940E-01  5.8031E-01  2.4613E-01 -3.0224E-02  2.3970E-01
   83.00  2.3044E+03 -4.8158E-01  5.7779E-01  2.2335E-01 -3.4077E-02  2.2180E-01
   84.00  2.2908E+03 -4.8303E-01  5.7547E-01  2.0244E-01 -4.1794E-02  2.0546E-01
   85.00  2.2819E+03 -4.8526E-01  5.7265E-01  1.8394E-01 -4.7259E-02  1.9127E-01
   86.00  2.2622E+03 -4.8579E-01  5.6840E-01  1.6784E-01 -4.6349E-02  1.7951E-01
   87.00  2.2308E+03 -4.8347E-01  5.6166E-01  1.5201E-01 -4.2594E-02  1.6892E-01
   88.00  2.2003E+03 -4.8257E-01  5.5402E-01  1.3317E-01 -3.8957E-02  1.5572E-01
   89.00  2.1804E+03 -4.8580E-01  5.4952E-01  1.1178E-01 -3.5555E-02  1.3787E-01
   90.00  2.1750E+03 -4.9019E-01  5.4889E-01  9.1160E-02 -3.5759E-02  1.1864E-01
   91.00  2.1783E+03 -4.9201E-01  5.4858E-01  7.2599E-02 -4.0247E-02  1.0191E-01
   92.00  2.1762E+03 -4.9167E-01  5.4705E-01  5.5860E-02 -4.3064E-02  8.7128E-02
   93.00  2.1628E+03 -4.9181E-01  5.4588E-01  3.9546E-02 -4.1060E-02  7.1835E-02
   94.00  2.1458E+03 -4.9131E-01  5.4481E-01  2.1127E-02 -3.9141E-02  5.5580E-02
   95.00  2.1324E+03 -4.8787E-01  5.4251E-01  9.9046E-04 -4.2079E-02  3.9475E-02
   96.00  2.1230E+03 -4.8339E-01  5.3995E-01 -1.8604E-02 -4.5644E-02  2.3810E-02
   97.00  2.1153E+03 -4.8027E-01  5.3848E-01 -3.8188E-02 -4.4853E-02  7.5127E-03
   98.00  2.1115E+03 -4.7840E-01  5.3837E-01 -5.7658E-02 -4.4372E-02 -9.5777E-03
   99.00  2.1173E+03 -4.7849E-01  5.4025E-01 -7.4013E-02 -4.8155E-02 -2.5299E-02
  100.00  2.1264E+03 -4.7894E-01  5.4362E-01 -8.7831E-02 -5.0093E-02 -3.8368E-02
  101.00  2.1243E+03 -4.7461E-01  5.4573E-01 -1.0301E-01 -4.6347E-02 -5.0261E-02
  102.00  2.1121E+03 -4.6608E-01  5.4527E-01 -1.2058E-01 -4.2828E-02 -6.3381E-02
  103.00  2.1071E+03 -4.5949E-01  5.4388E-01 -1.3912E-01 -4.4513E-02 -7.9468E-02
  104.00  2.1130E+03 -4.5600E-01  5.4221E-01 -1.5741E-01 -4.7726E-02 -9.6939E-02
  105.00  2.1171E+03 -4.5157E-01  5.3965E-01 -1.7470E-01 -4.7863E-02 -1.1144E-01
  106.00  2.1189E+03 -4.4708E-01  5.3875E-01 -1.9026E-01 -4.6306E-02 -1.2165E-01
  107.00  2.1227E+03 -4.4606E-01  5.4181E-01 -2.0560E-01 -4.4456E-02 -1.3204E-01
  108.00  2.1204E+03 -4.4399E-01  5.4598E-01 -2.2418E-01 -4.1481E-02 -1.4722E-01
  109.00  2.1129E+03 -4.3521E-01  5.4857E-01 -2.4432E-01 -3.8704E-02 -1.6450E-01
  110.00  2.1121E+03 -4.2303E-01  5.4993E-01 -2.6028E-01 -3.7882E-02 -1.7769E-01
  111.00  2.1140E+03 -4.1217E-01  5.4977E-01 -2.7253E-01 -3.9597E-02 -1.8735E-01
  112.00  2.1093E+03 -4.0228E-01  5.4806E-01 -2.8635E-01 -4.1666E-02 -1.9875E-01
  113.00  2.1029E+03 -3.9178E-01  5.4644E-01 -3.0352E-01 -3.9500E-02 -2.1328E-01
  114.00  2.1009E+03 -3.8062E-01  5.4544E-01 -3.2240E-01 -3.5593E-02 -2.2868E-01
  115.00  2.1003E+03 -3.7157E-01  5.4478E-01 -3.3927E-01 -3.5067E-02 -2.4196E-01
  116.00  2.0973E+03 -3.6523E-01  5.4587E-01 -3.5087E-01 -3.4732E-02 -2.5142E-01
  117.00  2.0955E+03 -3.5806E-01  5.4982E-01 -3.5887E-01 -3.3101E-02 -2.5817E-01
  118.00  2.0999E+03 -3.4929E-01  5.5429E-01 -3.6679E-01 -3.4289E-02 -2.6405E-01
  119.00  2.1036E+03 -3.3955E-01  5.5596E-01 -3.7611E-01 -3.7748E-02 -2.7084E-01
  120.00  2.1051E+03 -3.2865E-01  5.5562E-01 -3.8838E-01 -4.0017E-02 -2.8111E-01
  121.00  2.1193E+03 -3.1990E-01  5.5683E-01 -4.0432E-01 -4.0514E-02 -2.9522E-01
  122.00  2.1435E+03 -3.1615E-01  5.5967E-01 -4.1989E-01 -3.9129E-02 -3.0802E-01
  123.00  2.1542E+03 -3.1207E-01  5.6119E-01 -4.3131E-01 -3.4975E-02 -3.1538E-01
  124.00  2.1520E+03 -2.9968E-01  5.6147E-01 -4.4076E-01 -2.8809E-02 -3.2152E-01
  125.00  2.1611E+03 -2.8261E-01  5.6362E-01 -4.5116E-01 -2.5276E-02 -3.3176E-01
  126.00  2.1870E+03 -2.7248E-01  5.6828E-01 -4.6169E-01 -2.9695E-02 -3.4264E-01
  127.00  2.2112E+03 -2.6954E-01  5.7313E-01 -4.7171E-01 -3.8632E-02 -3.4963E-01
  128.00  2.2196E+03 -2.6434E-01  5.7719E-01 -4.8178E-01 -4.2702E-02 -3.5590E-01
  129.00  2.2173E+03 -2.5244E-01  5.8116E-01 -4.9035E-01 -4.0048E-02 -3.6347E-01
  130.00  2.2222E+03 -2.3743E-01  5.8455E-01 -4.9615E-01 -3.6706E-02 -3.6802E-01
  131.00  2.2429E+03 -2.2579E-01  5.8662E-01 -5.0191E-01 -3.5824E-02 -3.6945E-01
  132.00  2.2630E+03 -2.2057E-01  5.8808E-01 -5.1014E-01 -3.6398E-02 -3.7372E-01
  133.00  2.2658E+03 -2.1761E-01  5.8973E-01 -5.1878E-01 -3.6644E-02 -3.8200E-01
  134.00  2.2635E+03 -2.1083E-01  5.9223E-01 -5.2650E-01 -3.4136E-02 -3.9095E-01
  135.00  2.2758E+03 -1.9990E-01  5.9606E-01 -5.3563E-01 -3.0981E-02 -3.9924E-01
  136.00  2.2933E+03 -1.8699E-01  5.9898E-01 -5.4600E-01 -3.0878E-02 -4.0557E-01
  137.00  2.2995E+03 -1.7469E-01  5.9962E-01 -5.5428E-01 -3.2611E-02 -4.0862E-01
  138.00  2.3105E+03 -1.6607E-01  6.0192E-01 -5.6121E-01 -3.5595E-02 -4.1242E-01
  139.00  2.3398E+03 -1.5973E-01  6.0673E-01 -5.6935E-01 -3.8997E-02 -4.2000E-01
  140.00  2.3621E+03 -1.5238E-01  6.0894E-01 -5.7588E-01 -3.7808E-02 -4.2622E-01
  141.00  2.3628E+03 -1.4285E-01  6.0906E-01 -5.7799E-01 -3.1143E-02 -4.2887E-01
  142.00  2.3642E+03 -1.2987E-01  6.1148E-01 -5.7969E-01 -2.5136E-02 -4.3213E-01
  143.00  2.3735E+03 -1.1660E-01  6.1464E-01 -5.8425E-01 -2.3092E-02 -4.3501E-01
  144.00  2.3749E+03 -1.1074E-01  6.1594E-01 -5.8798E-01 -2.3527E-02 -4.3422E-01
  145.00  2.3727E+03 -1.1043E-01  6.1739E-01 -5.8952E-01 -2.5689E-02 -4.3553E-01
  146.00  2.3848E+03 -1.0774E-01  6.2135E-01 -5.9244E-01 -2.8827E-02 -4.4376E-01
  147.00  2.4102E+03 -1.0103E-01  6.2737E-01 -5.9698E-01 -2.9467E-02 -4.5183E-01
  148.00  2.4421E+03 -9.3138E-02  6.3307E-01 -6.0389E-01 -2.5555E-02 -4.5641E-01
  149.00  2.4812E+03 -8.7021E-02  6.3667E-01 -6.1435E-01 -2.2026E-02 -4.6241E-01
  150.00  2.5129E+03 -8.3249E-02  6.3854E-01 -6.2243E-01 -2.1409E-02 -4.6855E-01
  151.00  2.5306E+03 -7.9842E-02  6.4150E-01 -6.2318E-01 -1.9906E-02 -4.7041E-01
  152.00  2.5589E+03 -7.3388E-02  6.4873E-01 -6.2185E-01 -1.8102E-02 -4.7129E-01
  153.00  2.5999E+03 -6.6231E-02  6.5723E-01 -6.2662E-01 -1.9043E-02 -4.7676E-01
  154.00  2.6273E+03 -6.1478E-02  6.5989E-01 -6.3574E-01 -2.0844E-02 -4.8271E-01
  155.00  2.6406E+03 -5.6679E-02  6.5690E-01 -6.4305E-01 -1.9995E-02 -4.8472E-01
  156.00  2.6585E+03 -5.0238E-02  6.5533E-01 -6.4925E-01 -1.7942E-02 -4.8783E-01
  157.00  2.6875E+03 -4.1482E-02  6.5857E-01 -6.5484E-01 -1.7272E-02 -4.9318E-01
  158.00  2.7159E+03 -3.2842E-02  6.6447E-01 -6.5613E-01 -1.4684E-02 -4.9577E-01
  159.00  2.7231E+03 -2.6584E-02  6.7043E-01 -6.5231E-01 -9.4026E-03 -4.9477E-01
  160.00  2.7146E+03 -2.4054E-02  6.7449E-01 -6.4863E-01 -8.1995E-03 -4.9359E-01
  161.00  2.7240E+03 -2.4884E-02  6.7525E-01 -6.5028E-01 -1.2761E-02 -4.9507E-01
  162.00  2.7544E+03 -2.1521E-02  6.7305E-01 -6.5356E-01 -1.5342E-02 -4.9648E-01
  163.00  2.7838E+03 -1.3989E-02  6.7126E-01 -6.5479E-01 -1.4862E-02 -4.9589E-01
  164.00  2.8265E+03 -9.6940E-03  6.7462E-01 -6.5765E-01 -1.5278E-02 -4.9707E-01
  165.00  2.8985E+03 -6.9027E-03  6.8183E-01 -6.6310E-01 -1.3659E-02 -5.0080E-01
  166.00  2.9752E+03 -1.2727E-03  6.8682E-01 -6.6664E-01 -1.1982E-02 -5.0248E-01
  167.00  3.0384E+03  7.2944E-03  6.8857E-01 -6.6820E-01 -1.4364E-02 -5.0145E-01
  168.00  3.0840E+03  1.9980E-02  6.8941E-01 -6.7134E-01 -1.4950E-02 -5.0085E-01
  169.00  3.1122E+03  3.3436E-02  6.9078E-01 -6.7484E-01 -1.0726E-02 -5.0172E-01
  170.00  3.1522E+03  3.7883E-02  6.9256E-01 -6.7646E-01 -8.3813E-03 -5.0272E-01
  171.00  3.2142E+03  3.1634E-02  6.9298E-01 -6.7602E-01 -1.0290E-02 -4.9974E-01
  172.00  3.2686E+03  2.4786E-02  6.9509E-01 -6.7768E-01 -1.1642E-02 -4.9868E-01
  173.00  3.3357E+03  2.2022E-02  7.0348E-01 -6.8841E-01 -1.2081E-02 -5.1066E-01
  174.00  3.4525E+03  1.5714E-02  7.1169E-01 -7.0311E-01 -8.3480E-03 -5.2377E-01
  175.00  3.5884E+03  6.8018E-03  7.1279E-01 -7.1194E-01  3.4257E-04 -5.2208E-01
  176.00  3.7464E+03  1.1182E-02  7.1077E-01 -7.1437E-01  2.3347E-03 -5.0736E-01
  177.00  3.9804E+03  2.7752E-02  7.0918E-01 -7.1231E-01 -2.4374E-03 -4.8173E-01
  178.00  4.2494E+03  3.0190E-02  7.0929E-01 -7.1032E-01 -3.8670E-03 -4.5327E-01
  179.00  4.4430E+03  1.2082E-02  7.1324E-01 -7.1332E-01 -1.5258E-03 -4.3753E-01
  180.00  4.5086E+03  3.4714E-13  7.1627E-01 -7.1627E-01 -4.3235E-14 -4.3444E-01
 azimuthal averaged scattering matrix expansion coefficients
    n       11          44          12          34         22p         22m
    0  1.0000E+00  4.7026E-01  0.0000E+00  0.0000E+00  0.0000E+00  0.0000E+00
    1  1.1681E+00  1.5320E+00  0.0000E+00  0.0000E+00  0.0000E+00  0.0000E+00
    2  1.6977E+00  1.5690E+00 -4.5074E-01 -3.6514E-02  2.4683E+00  4.6146E-01
    3  1.7638E+00  1.8050E+00 -7.9546E-02  1.2373E-02  2.0096E+00 -8.3547E-04
    4  1.9755E+00  1.9245E+00 -3.6450E-02  6.9882E-03  2.1031E+00  3.3440E-02
    5  2.0034E+00  2.0458E+00 -3.9788E-02  2.3349E-02  2.1492E+00 -2.4970E-02
    6  2.0836E+00  2.0484E+00 -3.2155E-02  2.0546E-02  2.1633E+00  2.1052E-02
    7  2.0279E+00  2.0573E+00 -3.8525E-02  3.0085E-02  2.1308E+00 -1.6362E-02
    8  2.0218E+00  1.9964E+00 -3.7981E-02  2.8277E-02  2.0753E+00  1.5757E-02
    9  1.9293E+00  1.9520E+00 -4.2602E-02  2.7412E-02  2.0014E+00 -1.1982E-02
   10  1.8993E+00  1.8778E+00 -3.3351E-02  2.7380E-02  1.9338E+00  1.2911E-02
   11  1.8036E+00  1.8209E+00 -4.0731E-02  2.8267E-02  1.8543E+00 -1.0321E-02
   12  1.7532E+00  1.7437E+00 -3.6786E-02  1.9608E-02  1.7796E+00  7.3833E-03
   13  1.6679E+00  1.6816E+00 -3.5930E-02  2.1012E-02  1.7039E+00 -5.5878E-03
   14  1.6203E+00  1.5982E+00 -2.2785E-02  1.6568E-02  1.6352E+00  1.2748E-02
   15  1.5116E+00  1.5385E+00 -4.1258E-02  1.5131E-02  1.5502E+00 -1.2779E-02
   16  1.4687E+00  1.4487E+00 -2.7293E-02  1.1364E-02  1.4749E+00  1.3956E-02
   17  1.3772E+00  1.3914E+00 -3.2136E-02  1.1674E-02  1.4022E+00 -8.6952E-03
   18  1.3278E+00  1.3170E+00 -2.2828E-02  5.2487E-03  1.3365E+00  8.4977E-03
   19  1.2473E+00  1.2587E+00 -2.2352E-02  2.9962E-03  1.2667E+00 -5.1611E-03
   20  1.1856E+00  1.1779E+00 -1.1421E-02  6.4674E-04  1.1936E+00  5.3709E-03
   21  1.0842E+00  1.0875E+00 -1.6996E-02  5.9687E-03  1.1004E+00 -3.9889E-03
   22  9.8934E-01  9.8540E-01 -1.0854E-02  5.3941E-03  1.0034E+00  1.0320E-03
   23  8.8447E-01  8.8319E-01 -1.1369E-02  6.0696E-03  8.9561E-01 -9.8962E-04
   24  7.8884E-01  7.9099E-01 -5.3317E-03  4.9872E-03  8.0080E-01  1.7147E-04
   25  6.8877E-01  6.9125E-01 -1.4627E-02  2.4299E-03  7.0043E-01 -2.1618E-03
   26  6.0654E-01  5.9102E-01 -4.7203E-03 -8.6138E-04  6.0609E-01  6.1701E-03
   27  4.9193E-01  5.0607E-01 -1.3974E-02 -1.1592E-03  5.1043E-01 -9.2771E-03
   28  4.1774E-01  4.0735E-01 -1.1731E-02  2.7621E-03  4.1730E-01  8.7715E-03
   29  3.1259E-01  3.2893E-01 -6.1738E-03  4.8090E-03  3.2994E-01 -4.4255E-03
   30  2.5206E-01  2.4244E-01  5.7346E-04  6.3404E-03  2.5121E-01  8.5814E-03
   31  1.5860E-01  1.6337E-01  4.5728E-04  3.0676E-03  1.7006E-01 -4.8460E-03
   32  9.6734E-02  9.1047E-02 -4.6738E-03  1.8602E-03  9.6371E-02  2.8605E-03
   33  2.0199E-02  2.9682E-02 -4.0275E-03  6.9500E-03  3.0912E-02 -5.2609E-03
   34 -1.9147E-02 -2.9397E-02 -3.6267E-03  4.8242E-03 -2.4768E-02  4.6200E-03
   35 -7.5589E-02 -7.3986E-02  3.3234E-03  1.4796E-03 -7.0846E-02 -4.7802E-03
   36 -1.1182E-01 -1.2333E-01 -3.7894E-04  3.6309E-03 -1.1642E-01  4.6337E-03
   37 -1.7786E-01 -1.7127E-01 -4.5210E-03  2.4440E-03 -1.7151E-01 -6.4037E-03
   38 -2.1468E-01 -2.1964E-01 -1.0846E-02  2.1729E-03 -2.1761E-01  3.4535E-03
   39 -2.6608E-01 -2.6094E-01 -4.4287E-03  2.1771E-03 -2.5984E-01 -1.3527E-03
   40 -2.9478E-01 -2.9036E-01 -5.0794E-03 -6.4576E-03 -2.9296E-01 -7.5536E-04
   41 -3.2340E-01 -3.2331E-01 -4.9435E-03  2.3138E-03 -3.2230E-01  4.2175E-04
   42 -3.4487E-01 -3.4082E-01 -3.4279E-03  7.5642E-03 -3.4067E-01  1.1907E-03
   43 -3.6485E-01 -3.7455E-01 -2.2319E-03  3.7495E-03 -3.6751E-01  5.2560E-03
   44 -3.8771E-01 -3.8591E-01 -8.9849E-03  8.8996E-03 -3.9045E-01 -1.1538E-03
   45 -4.0254E-01 -4.0071E-01 -1.4627E-02  3.9827E-03 -4.0010E-01 -1.8844E-03
   46 -4.0323E-01 -4.0393E-01 -6.2594E-03  5.3625E-03 -4.0626E-01  6.7000E-04
   47 -4.1013E-01 -4.1177E-01 -9.0171E-03  3.8310E-03 -4.0960E-01  8.9307E-04
   48 -4.0763E-01 -4.0750E-01 -1.2281E-02 -2.3303E-04 -4.1067E-01  5.8281E-04
   49 -4.0153E-01 -3.9439E-01 -1.3641E-02 -4.0758E-03 -3.9661E-01 -1.3452E-03
   50 -3.7203E-01 -3.7664E-01 -7.1266E-03  6.5051E-04 -3.7760E-01  3.1586E-03
   51 -3.5354E-01 -3.5848E-01 -9.7895E-03  6.4647E-03 -3.5660E-01  1.8089E-04
   52 -3.3847E-01 -3.3838E-01 -1.5659E-02 -7.3114E-04 -3.4160E-01 -6.3031E-04
   53 -3.2869E-01 -3.2921E-01 -1.8520E-02 -2.3944E-03 -3.3058E-01 -2.8771E-03
   54 -3.0826E-01 -3.1115E-01 -1.4364E-02  1.7540E-03 -3.1094E-01 -1.1063E-03
   55 -2.9873E-01 -2.9788E-01 -1.7976E-02 -1.4316E-03 -2.9775E-01 -1.0703E-03
   56 -2.7883E-01 -2.8383E-01 -5.4514E-03 -4.8053E-04 -2.7962E-01  4.3300E-03
   57 -2.7029E-01 -2.6442E-01 -9.6760E-03 -3.8904E-03 -2.6767E-01 -2.0215E-03
   58 -2.5720E-01 -2.5834E-01 -4.2220E-03 -5.3415E-03 -2.5870E-01  1.4643E-03
   59 -2.5304E-01 -2.5507E-01 -6.1383E-03 -1.8544E-03 -2.5442E-01  8.5250E-04
   60 -2.4644E-01 -2.4419E-01 -8.4866E-03 -2.9575E-03 -2.4827E-01  1.0650E-03
   61 -2.4271E-01 -2.3951E-01 -7.1014E-03  2.2122E-04 -2.3855E-01 -1.2885E-03
   62 -2.3669E-01 -2.3969E-01 -3.9005E-03  8.1118E-03 -2.4042E-01  2.0899E-03
   63 -2.4188E-01 -2.4033E-01 -1.3713E-02  4.6861E-03 -2.3879E-01 -5.1024E-04
   64 -2.4394E-01 -2.4445E-01 -5.6362E-03  8.5352E-03 -2.4435E-01 -6.4196E-05
   65 -2.4562E-01 -2.4871E-01 -1.3230E-02  7.1509E-03 -2.4674E-01  7.8369E-04
   66 -2.4925E-01 -2.4727E-01 -1.4059E-02  5.9216E-03 -2.4752E-01 -1.8400E-03
   67 -2.4635E-01 -2.4296E-01 -8.5437E-03  1.0836E-02 -2.4512E-01 -1.3265E-03
   68 -2.3818E-01 -2.4183E-01 -1.1222E-02  9.8739E-03 -2.4057E-01  1.3482E-03
   69 -2.3349E-01 -2.2878E-01 -1.0170E-02  4.6383E-03 -2.3090E-01 -2.2228E-03
   70 -2.1367E-01 -2.1452E-01 -4.9320E-03  1.6431E-03 -2.1457E-01  2.1913E-03
   71 -2.0139E-01 -2.0091E-01 -5.7181E-03  1.7942E-03 -2.0107E-01 -1.0351E-03
   72 -1.9653E-01 -1.9487E-01 -8.0815E-03 -3.0123E-04 -1.9476E-01  6.7203E-05
   73 -1.8908E-01 -1.8535E-01 -1.1529E-02  3.4597E-03 -1.8723E-01 -1.7583E-03
   74 -1.7780E-01 -1.7606E-01 -1.0926E-02  2.5128E-03 -1.7817E-01 -6.0551E-04
   75 -1.6327E-01 -1.6365E-01 -8.1829E-03  4.9228E-03 -1.6406E-01  3.7523E-04
   76 -1.5176E-01 -1.5208E-01  3.5424E-03  3.7583E-03 -1.5203E-01  1.2308E-03
   77 -1.4299E-01 -1.4068E-01 -2.6466E-03  5.1854E-03 -1.4218E-01  5.8150E-04
   78 -1.3849E-01 -1.3255E-01 -9.4084E-05  7.5673E-03 -1.3527E-01 -1.5583E-03
   79 -1.2618E-01 -1.2920E-01 -2.6144E-03  1.2725E-02 -1.2883E-01  1.5266E-03
   80 -1.2181E-01 -1.2439E-01 -7.1744E-03  8.0609E-03 -1.2235E-01  6.6500E-04
   81 -1.1712E-01 -1.1037E-01 -1.3540E-02  3.7420E-03 -1.1440E-01 -3.9178E-03
   82 -9.7615E-02 -1.0316E-01 -9.5387E-03 -7.8914E-04 -1.0138E-01  2.8567E-03
   83 -9.0327E-02 -8.4827E-02 -1.1670E-02 -3.8716E-03 -8.6195E-02 -3.7584E-03
   84 -7.1688E-02 -7.4085E-02 -3.7481E-03 -6.1905E-03 -7.4967E-02  7.5477E-04
   85 -6.3945E-02 -6.6302E-02 -4.0976E-03 -7.0026E-03 -6.5631E-02 -1.4347E-04
   86 -6.1075E-02 -6.3762E-02  2.6687E-03 -7.4149E-03 -6.2418E-02 -3.3180E-04
   87 -5.7648E-02 -5.9282E-02  3.6138E-03 -6.3718E-03 -5.8228E-02  6.0211E-04
   88 -5.4218E-02 -5.6217E-02  4.8370E-03 -7.7689E-03 -5.3924E-02 -2.1208E-04
   89 -5.0736E-02 -4.9284E-02  4.5076E-04 -4.2111E-03 -4.9139E-02 -1.7559E-03
   90 -4.3188E-02 -4.1878E-02  2.6868E-03 -3.4436E-04 -4.3769E-02 -1.6102E-03
   91 -4.1209E-02 -4.2015E-02 -1.8405E-03 -9.9296E-04 -4.1490E-02  1.9809E-04
   92 -4.2744E-02 -3.9631E-02  1.9072E-04 -2.2306E-03 -4.1410E-02 -1.4355E-03
   93 -4.1218E-02 -4.5445E-02 -1.2035E-03  2.2205E-03 -4.3150E-02  1.2031E-03
   94 -4.8613E-02 -4.7002E-02 -2.8927E-03 -1.5607E-03 -4.7638E-02 -1.8306E-03
   95 -5.1610E-02 -5.2813E-02 -6.3230E-03 -7.4809E-03 -5.2172E-02 -2.4574E-06
   96 -5.0857E-02 -5.0285E-02  1.7323E-03 -1.1047E-02 -5.0503E-02 -3.6647E-04
   97 -4.3549E-02 -4.4879E-02  3.5175E-03 -1.2491E-02 -4.4504E-02  8.4570E-04
   98 -3.6860E-02 -3.8424E-02  6.0941E-03 -1.1182E-02 -3.8009E-02  1.3724E-03
   99 -3.3197E-02 -2.9589E-02  5.7242E-03 -1.1425E-02 -3.1192E-02 -1.6692E-03
  100 -2.5941E-02 -2.7978E-02  8.4794E-03 -8.9767E-03 -2.7139E-02  8.6987E-04
  101 -2.3833E-02 -2.2953E-02  6.9200E-03 -7.6744E-03 -2.3679E-02 -5.4132E-04
  102 -2.3778E-02 -2.0412E-02  9.1167E-03 -6.0461E-03 -2.2567E-02 -1.2382E-03
  103 -2.0683E-02 -2.4588E-02  8.9756E-03 -4.2922E-03 -2.2417E-02  2.0163E-03
  104 -2.8067E-02 -2.5142E-02  7.9947E-03 -5.8646E-03 -2.6207E-02 -1.3745E-03
  105 -3.4212E-02 -3.5547E-02  5.2687E-03 -4.0896E-03 -3.4847E-02  2.4781E-04
  106 -4.5138E-02 -4.5882E-02  4.7399E-03 -7.0679E-03 -4.5286E-02  4.8957E-05
  107 -6.1151E-02 -6.0350E-02  4.7646E-03 -6.7034E-03 -6.0383E-02 -4.9505E-04
  108 -8.4380E-02 -8.4936E-02  3.2589E-03 -6.8988E-03 -8.3393E-02 -1.0203E-04
  109 -1.1649E-01 -1.1607E-01  1.3082E-03 -6.6129E-03 -1.1596E-01 -3.3457E-04
  110 -1.5793E-01 -1.5685E-01 -8.9648E-04 -7.5266E-03 -1.5637E-01 -6.6987E-04
  111 -2.0347E-01 -2.0490E-01 -9.6198E-04 -8.5892E-03 -2.0339E-01  6.8300E-04
  112 -2.5796E-01 -2.5639E-01 -2.0596E-03 -9.3473E-03 -2.5595E-01 -6.7243E-04
  113 -3.1073E-01 -3.1275E-01 -1.3115E-03 -9.8482E-03 -3.1127E-01  1.0388E-03
  114 -3.6901E-01 -3.6889E-01 -1.5098E-04 -9.5312E-03 -3.6771E-01 -2.4616E-04
  115 -4.2424E-01 -4.2572E-01 -1.3935E-03 -9.1981E-03 -4.2447E-01  4.9766E-04
  116 -4.7983E-01 -4.7935E-01 -9.4127E-04 -8.0589E-03 -4.7818E-01 -3.1776E-04
  117 -5.2847E-01 -5.2891E-01 -2.1661E-04 -7.9592E-03 -5.2806E-01  2.0015E-04
  118 -5.7340E-01 -5.7443E-01  3.8303E-04 -4.6867E-03 -5.7327E-01  4.0812E-04
  119 -6.1348E-01 -6.1323E-01  7.6365E-04 -3.7939E-03 -6.1275E-01 -3.3110E-04
  120 -6.4630E-01 -6.4767E-01  1.2035E-03 -1.9751E-03 -6.4644E-01  2.6304E-04
  121 -6.7372E-01 -6.7357E-01  1.3677E-03 -4.7676E-04 -6.7342E-01 -3.5348E-04
  122 -6.9292E-01 -6.9372E-01  1.5838E-03  1.5728E-03 -6.9305E-01  2.1830E-04
  123 -7.0433E-01 -7.0367E-01  9.8966E-04  2.4769E-03 -7.0408E-01 -4.8357E-04
  124 -7.0540E-01 -7.0630E-01  1.2656E-03  4.4574E-03 -7.0581E-01  4.7262E-04
  125 -6.9862E-01 -6.9792E-01  8.9164E-04  4.8276E-03 -6.9867E-01 -2.7699E-04
  126 -6.8256E-01 -6.8291E-01  9.2834E-04  5.5245E-03 -6.8306E-01  2.3328E-04
  127 -6.6006E-01 -6.5970E-01  1.0347E-03  6.1564E-03 -6.6046E-01 -1.2597E-04
  128 -6.3126E-01 -6.3130E-01 -3.9957E-06  6.1274E-03 -6.3185E-01  2.1486E-05
  129 -5.9620E-01 -5.9590E-01  2.1978E-04  5.8280E-03 -5.9673E-01 -1.4682E-04
  130 -5.5526E-01 -5.5536E-01  3.1683E-04  5.6201E-03 -5.5608E-01  4.5973E-06
  131 -5.1033E-01 -5.1014E-01  6.4478E-04  5.4478E-03 -5.1097E-01 -1.6108E-04
  132 -4.6227E-01 -4.6230E-01  5.9572E-04  5.1522E-03 -4.6310E-01  1.0173E-06
  133 -4.1305E-01 -4.1288E-01  1.0623E-03  4.5187E-03 -4.1374E-01 -1.0794E-04
  134 -3.6323E-01 -3.6336E-01  1.1152E-03  4.3195E-03 -3.6406E-01  5.0284E-05
  135 -3.1484E-01 -3.1476E-01  1.3440E-03  3.5108E-03 -3.1552E-01 -5.8296E-05
  136 -2.6832E-01 -2.6832E-01  1.7045E-03  2.8411E-03 -2.6904E-01 -1.6100E-05
  137 -2.2524E-01 -2.2531E-01  1.8917E-03  2.4088E-03 -2.2590E-01  1.2454E-05
  138 -1.8634E-01 -1.8636E-01  1.9186E-03  2.0067E-03 -1.8690E-01 -4.2799E-06
  139 -1.5175E-01 -1.5178E-01  1.7334E-03  1.6190E-03 -1.5223E-01  4.9975E-06
  140 -1.2174E-01 -1.2174E-01  1.8027E-03  1.3091E-03 -1.2214E-01 -1.0540E-05
  141 -9.6070E-02 -9.6032E-02  1.3982E-03  1.0337E-03 -9.6391E-02 -2.7054E-05
  142 -7.4452E-02 -7.4531E-02  1.3708E-03  8.3275E-04 -7.4778E-02  2.8353E-05
  143 -5.6700E-02 -5.6700E-02  1.0911E-03  6.3341E-04 -5.6937E-02 -8.7856E-06
  144 -4.2154E-02 -4.2154E-02  7.9180E-04  4.4685E-04 -4.2337E-02 -3.4641E-06
  145 -3.0628E-02 -3.0656E-02  7.0411E-04  2.4582E-04 -3.0784E-02  8.9549E-06
  146 -2.1550E-02 -2.1511E-02  4.3941E-04  9.9045E-05 -2.1644E-02 -1.5975E-05
  147 -1.4724E-02 -1.4750E-02  4.4698E-04  1.2092E-04 -1.4813E-02  1.5632E-05
  148 -9.6173E-03 -9.6136E-03  1.9242E-04 -3.9765E-07 -9.6706E-03 -4.2956E-06
  149 -6.0500E-03 -6.0451E-03  1.6629E-04  4.8488E-05 -6.0902E-03 -8.7827E-07
  150 -3.6113E-03 -3.5918E-03  2.5975E-05 -1.2341E-04 -3.6263E-03 -7.7014E-06
  151 -2.0003E-03 -1.9894E-03 -4.2516E-06  2.4511E-05 -2.0140E-03 -3.4942E-06
  152 -1.0490E-03 -1.0417E-03  2.3516E-05 -1.2525E-04 -1.0515E-03 -5.0308E-06
  153 -4.7034E-04 -4.5440E-04 -1.1434E-04 -1.1554E-05 -4.6862E-04 -2.8052E-06
  154 -1.9295E-04 -2.0235E-04  9.7384E-06 -7.4494E-05 -1.9925E-04  7.3803E-06
  155 -5.2930E-05 -4.6748E-05 -7.9062E-05 -3.1823E-05 -5.0284E-05 -1.5815E-06
  156 -3.2887E-05 -4.1214E-05 -6.9090E-05 -2.9866E-05 -3.7005E-05  3.2383E-06
  157 -2.7363E-05 -2.4565E-05 -5.2361E-05 -1.7361E-05 -2.7417E-05 -1.3861E-06
  158 -2.4117E-05 -3.0872E-05 -8.4781E-05 -3.5308E-05 -2.7130E-05  3.9289E-06
  159 -9.4681E-06 -8.8059E-06 -6.5575E-06  5.1934E-06 -9.3698E-06 -4.9535E-07
  160 -5.0182E-06 -1.6334E-05 -6.3694E-05 -1.0426E-05 -1.0620E-05  4.0646E-06
