****************************************************
****************************************************
 mstm calculation results
 date, time:
20250313 020722.945 
 input file:
lk1.inp
****************************************************
 input variables for run     1
 sphere data input file:
lkpos1.pos
 number spheres
 8192
 length, ref index scale factors
  1.0000000E+00  1.3080000E+00  1.4300000E-08
 volume cluster radius, area mean sphere radius, circumscribing radius, cross section radius
  2.0158674E+01  1.0000000E+00  6.5469888E+01  2.0158674E+01
 incident plane wave
 Monte Carlo average over incident directions
 t matrix order:
    80
 layer 0 refractive index
  1.0000E+00  0.0000E+00
 number of plane boundaries 
  0
 max_iterations,solution_epsilon, mie_epsilon
       100  1.0000E-07  1.0000E-06
 maximum Mie order, number of equations:
   3    245760
 mean sphere Mie extinction, absorption efficiencies
  8.1720E-02  4.0921E-08
 fft translation option implemented
 cell width, cell volume fraction, cell dimension:
      45      45      45  5.0000E-01  1.9922E+00
 number of neighbor nodes, node order:
   26    3
****************************************************
 calculation results for run 
           1
 incidence averages collected: sample:
   96
 number iterations, error, solution time 
    21  4.2633E-08  2.3359E+02
 total extinction, absorption, scattering efficiencies (unpolarized incidence)
  9.5647E+00  8.9424E-07  9.5647E+00
  down and up hemispherical scattering efficiencies (unpol, par, perp) 
  4.0237E-01  9.1695E+00  4.0215E-01  9.1696E+00  4.0258E-01  9.1695E+00
 azimuthal averaged scattering matrix
 number directions, number SM elements:
   181     6
   theta     11          12          22          33          34          44     
    0.00  6.9738E+06 -2.1200E-07  9.9999E-01  9.9999E-01 -8.9137E-08  9.9998E-01
    1.00  6.1758E+06 -3.2778E-04  9.9999E-01  9.9999E-01 -1.3852E-04  9.9998E-01
    2.00  4.2543E+06 -1.3778E-03  9.9999E-01  9.9998E-01 -5.8682E-04  9.9997E-01
    3.00  2.2279E+06 -3.4269E-03  9.9997E-01  9.9997E-01 -1.4214E-03  9.9994E-01
    4.00  8.7042E+05 -7.2722E-03  9.9993E-01  9.9990E-01 -2.4230E-03  9.9984E-01
    5.00  2.9937E+05 -1.3723E-02  9.9980E-01  9.9969E-01 -4.5393E-04  9.9951E-01
    6.00  1.8332E+05 -1.6270E-02  9.9966E-01  9.9948E-01  7.7630E-03  9.9919E-01
    7.00  1.7727E+05 -1.5991E-02  9.9965E-01  9.9945E-01  1.0959E-02  9.9916E-01
    8.00  1.4171E+05 -1.8167E-02  9.9956E-01  9.9931E-01  1.1942E-02  9.9895E-01
    9.00  8.7858E+04 -2.0891E-02  9.9930E-01  9.9893E-01  1.4051E-02  9.9835E-01
   10.00  5.1005E+04 -2.0786E-02  9.9878E-01  9.9829E-01  1.7740E-02  9.9729E-01
   11.00  3.6199E+04 -1.7729E-02  9.9827E-01  9.9775E-01  2.0438E-02  9.9635E-01
   12.00  3.0410E+04 -1.7374E-02  9.9795E-01  9.9743E-01  2.1079E-02  9.9577E-01
   13.00  2.4376E+04 -1.9916E-02  9.9745E-01  9.9688E-01  2.1455E-02  9.9485E-01
   14.00  1.7866E+04 -2.3078E-02  9.9653E-01  9.9588E-01  2.0974E-02  9.9316E-01
   15.00  1.3638E+04 -2.6268E-02  9.9545E-01  9.9475E-01  1.7730E-02  9.9122E-01
   16.00  1.2084E+04 -3.0422E-02  9.9487E-01  9.9411E-01  1.3667E-02  9.9017E-01
   17.00  1.1391E+04 -3.5542E-02  9.9454E-01  9.9370E-01  1.2262E-02  9.8954E-01
   18.00  1.0236E+04 -4.0498E-02  9.9389E-01  9.9294E-01  1.2703E-02  9.8837E-01
   19.00  8.7675E+03 -4.4344E-02  9.9289E-01  9.9178E-01  1.2831E-02  9.8654E-01
   20.00  7.5717E+03 -4.7129E-02  9.9187E-01  9.9050E-01  1.2081E-02  9.8460E-01
   21.00  6.7593E+03 -5.0454E-02  9.9103E-01  9.8928E-01  1.2043E-02  9.8283E-01
   22.00  6.0918E+03 -5.5972E-02  9.9009E-01  9.8792E-01  1.3820E-02  9.8082E-01
   23.00  5.4422E+03 -6.3714E-02  9.8881E-01  9.8618E-01  1.6003E-02  9.7822E-01
   24.00  4.8918E+03 -7.2182E-02  9.8735E-01  9.8425E-01  1.5803E-02  9.7542E-01
   25.00  4.5198E+03 -7.9799E-02  9.8612E-01  9.8251E-01  1.2094E-02  9.7311E-01
   26.00  4.2672E+03 -8.6471E-02  9.8517E-01  9.8104E-01  7.1754E-03  9.7133E-01
   27.00  4.0268E+03 -9.3008E-02  9.8421E-01  9.7957E-01  4.0792E-03  9.6951E-01
   28.00  3.7697E+03 -9.9874E-02  9.8310E-01  9.7790E-01  3.3825E-03  9.6733E-01
   29.00  3.5281E+03 -1.0739E-01  9.8194E-01  9.7600E-01  3.2988E-03  9.6485E-01
   30.00  3.3113E+03 -1.1614E-01  9.8081E-01  9.7375E-01  2.2249E-03  9.6201E-01
   31.00  3.1011E+03 -1.2656E-01  9.7955E-01  9.7097E-01  5.8509E-04  9.5857E-01
   32.00  2.9035E+03 -1.3836E-01  9.7810E-01  9.6770E-01 -3.8272E-04  9.5456E-01
   33.00  2.7530E+03 -1.5046E-01  9.7668E-01  9.6437E-01 -5.9056E-04  9.5056E-01
   34.00  2.6663E+03 -1.6157E-01  9.7557E-01  9.6144E-01 -9.0171E-04  9.4723E-01
   35.00  2.6173E+03 -1.7127E-01  9.7478E-01  9.5895E-01 -1.4906E-03  9.4457E-01
   36.00  2.5624E+03 -1.8032E-01  9.7402E-01  9.5654E-01 -1.4497E-03  9.4205E-01
   37.00  2.4808E+03 -1.8963E-01  9.7311E-01  9.5390E-01  2.0132E-04  9.3922E-01
   38.00  2.3798E+03 -1.9942E-01  9.7200E-01  9.5089E-01  3.4582E-03  9.3597E-01
   39.00  2.2693E+03 -2.0962E-01  9.7065E-01  9.4737E-01  6.8999E-03  9.3215E-01
   40.00  2.1491E+03 -2.2049E-01  9.6886E-01  9.4306E-01  8.6130E-03  9.2733E-01
   41.00  2.0251E+03 -2.3241E-01  9.6658E-01  9.3783E-01  7.9512E-03  9.2129E-01
   42.00  1.9156E+03 -2.4510E-01  9.6414E-01  9.3208E-01  6.0933E-03  9.1453E-01
   43.00  1.8283E+03 -2.5777E-01  9.6189E-01  9.2627E-01  4.3919E-03  9.0778E-01
   44.00  1.7515E+03 -2.7018E-01  9.5977E-01  9.2036E-01  2.4349E-03  9.0115E-01
   45.00  1.6787E+03 -2.8296E-01  9.5768E-01  9.1409E-01 -1.1186E-03  8.9441E-01
   46.00  1.6207E+03 -2.9693E-01  9.5593E-01  9.0754E-01 -5.8030E-03  8.8770E-01
   47.00  1.5810E+03 -3.1224E-01  9.5475E-01  9.0085E-01 -8.8359E-03  8.8110E-01
   48.00  1.5386E+03 -3.2823E-01  9.5365E-01  8.9361E-01 -8.2898E-03  8.7390E-01
   49.00  1.4727E+03 -3.4400E-01  9.5194E-01  8.8537E-01 -5.3325E-03  8.6542E-01
   50.00  1.3917E+03 -3.5903E-01  9.4972E-01  8.7641E-01 -2.6659E-03  8.5615E-01
   51.00  1.3216E+03 -3.7368E-01  9.4767E-01  8.6746E-01 -1.7907E-03  8.4716E-01
   52.00  1.2738E+03 -3.8883E-01  9.4609E-01  8.5846E-01 -2.1436E-03  8.3842E-01
   53.00  1.2367E+03 -4.0471E-01  9.4445E-01  8.4858E-01 -2.9180E-03  8.2875E-01
   54.00  1.1955E+03 -4.2062E-01  9.4231E-01  8.3753E-01 -4.2854E-03  8.1766E-01
   55.00  1.1481E+03 -4.3587E-01  9.3985E-01  8.2608E-01 -6.0553E-03  8.0606E-01
   56.00  1.1022E+03 -4.5052E-01  9.3742E-01  8.1504E-01 -6.7107E-03  7.9483E-01
   57.00  1.0652E+03 -4.6505E-01  9.3505E-01  8.0435E-01 -5.0932E-03  7.8382E-01
   58.00  1.0399E+03 -4.7971E-01  9.3267E-01  7.9344E-01 -2.4010E-03  7.7242E-01
   59.00  1.0240E+03 -4.9461E-01  9.3052E-01  7.8188E-01 -1.1410E-03  7.6049E-01
   60.00  1.0100E+03 -5.1010E-01  9.2880E-01  7.6934E-01 -2.3773E-03  7.4801E-01
   61.00  9.8947E+02 -5.2655E-01  9.2729E-01  7.5543E-01 -5.0377E-03  7.3450E-01
   62.00  9.6095E+02 -5.4394E-01  9.2564E-01  7.4017E-01 -7.3848E-03  7.1962E-01
   63.00  9.3253E+02 -5.6184E-01  9.2389E-01  7.2420E-01 -8.2396E-03  7.0386E-01
   64.00  9.1277E+02 -5.7968E-01  9.2238E-01  7.0812E-01 -7.4525E-03  6.8806E-01
   65.00  9.0054E+02 -5.9698E-01  9.2104E-01  6.9183E-01 -6.0984E-03  6.7232E-01
   66.00  8.8665E+02 -6.1346E-01  9.1933E-01  6.7477E-01 -5.7440E-03  6.5587E-01
   67.00  8.6413E+02 -6.2909E-01  9.1681E-01  6.5647E-01 -6.8427E-03  6.3790E-01
   68.00  8.3388E+02 -6.4407E-01  9.1363E-01  6.3669E-01 -8.0733E-03  6.1811E-01
   69.00  8.0136E+02 -6.5857E-01  9.1027E-01  6.1541E-01 -7.8786E-03  5.9681E-01
   70.00  7.7189E+02 -6.7252E-01  9.0734E-01  5.9328E-01 -6.6439E-03  5.7498E-01
   71.00  7.4956E+02 -6.8590E-01  9.0526E-01  5.7170E-01 -6.3429E-03  5.5403E-01
   72.00  7.3604E+02 -6.9901E-01  9.0412E-01  5.5171E-01 -7.8112E-03  5.3480E-01
   73.00  7.2799E+02 -7.1217E-01  9.0342E-01  5.3268E-01 -9.6612E-03  5.1645E-01
   74.00  7.1828E+02 -7.2535E-01  9.0229E-01  5.1249E-01 -1.0268E-02  4.9690E-01
   75.00  7.0237E+02 -7.3839E-01  9.0023E-01  4.8914E-01 -9.4659E-03  4.7429E-01
   76.00  6.8225E+02 -7.5110E-01  8.9743E-01  4.6245E-01 -8.0777E-03  4.4851E-01
   77.00  6.6274E+02 -7.6308E-01  8.9454E-01  4.3437E-01 -6.9299E-03  4.2148E-01
   78.00  6.4609E+02 -7.7382E-01  8.9196E-01  4.0738E-01 -6.5814E-03  3.9563E-01
   79.00  6.3187E+02 -7.8339E-01  8.8965E-01  3.8219E-01 -7.1869E-03  3.7154E-01
   80.00  6.1999E+02 -7.9257E-01  8.8755E-01  3.5730E-01 -8.0710E-03  3.4763E-01
   81.00  6.1119E+02 -8.0198E-01  8.8585E-01  3.3080E-01 -7.8618E-03  3.2206E-01
   82.00  6.0503E+02 -8.1123E-01  8.8460E-01  3.0223E-01 -5.7985E-03  2.9463E-01
   83.00  5.9888E+02 -8.1927E-01  8.8333E-01  2.7271E-01 -2.8952E-03  2.6655E-01
   84.00  5.8979E+02 -8.2538E-01  8.8137E-01  2.4381E-01 -1.1939E-03  2.3912E-01
   85.00  5.7746E+02 -8.2990E-01  8.7858E-01  2.1629E-01 -1.7333E-03  2.1274E-01
   86.00  5.6512E+02 -8.3403E-01  8.7578E-01  1.8942E-01 -3.5681E-03  1.8660E-01
   87.00  5.5657E+02 -8.3887E-01  8.7414E-01  1.6129E-01 -4.8812E-03  1.5897E-01
   88.00  5.5216E+02 -8.4414E-01  8.7395E-01  1.3045E-01 -4.7707E-03  1.2881E-01
   89.00  5.4840E+02 -8.4830E-01  8.7426E-01  9.7447E-02 -3.7410E-03  9.6994E-02
   90.00  5.4223E+02 -8.5017E-01  8.7387E-01  6.4150E-02 -3.0454E-03  6.5366E-02
   91.00  5.3423E+02 -8.5001E-01  8.7250E-01  3.1872E-02 -3.9489E-03  3.4816E-02
   92.00  5.2688E+02 -8.4888E-01  8.7078E-01  5.7797E-04 -6.8145E-03  4.8226E-03
   93.00  5.2112E+02 -8.4725E-01  8.6948E-01 -3.0330E-02 -1.0482E-02 -2.5291E-02
   94.00  5.1623E+02 -8.4472E-01  8.6871E-01 -6.0954E-02 -1.3213E-02 -5.5259E-02
   95.00  5.1160E+02 -8.4086E-01  8.6809E-01 -9.0987E-02 -1.4370E-02 -8.4307E-02
   96.00  5.0694E+02 -8.3568E-01  8.6718E-01 -1.2058E-01 -1.4672E-02 -1.1228E-01
   97.00  5.0152E+02 -8.2933E-01  8.6594E-01 -1.5030E-01 -1.4915E-02 -1.3983E-01
   98.00  4.9524E+02 -8.2213E-01  8.6481E-01 -1.7982E-01 -1.4943E-02 -1.6713E-01
   99.00  4.8954E+02 -8.1478E-01  8.6427E-01 -2.0756E-01 -1.4024E-02 -1.9317E-01
  100.00  4.8540E+02 -8.0769E-01  8.6421E-01 -2.3247E-01 -1.2048E-02 -2.1698E-01
  101.00  4.8151E+02 -8.0020E-01  8.6395E-01 -2.5576E-01 -1.0072E-02 -2.3924E-01
  102.00  4.7623E+02 -7.9135E-01  8.6319E-01 -2.7962E-01 -9.4592E-03 -2.6187E-01
  103.00  4.7021E+02 -7.8124E-01  8.6248E-01 -3.0480E-01 -1.0649E-02 -2.8582E-01
  104.00  4.6539E+02 -7.7080E-01  8.6239E-01 -3.3034E-01 -1.2937E-02 -3.1031E-01
  105.00  4.6275E+02 -7.6037E-01  8.6276E-01 -3.5550E-01 -1.5279E-02 -3.3427E-01
  106.00  4.6227E+02 -7.4928E-01  8.6316E-01 -3.8094E-01 -1.7066E-02 -3.5787E-01
  107.00  4.6400E+02 -7.3694E-01  8.6362E-01 -4.0736E-01 -1.8290E-02 -3.8192E-01
  108.00  4.6782E+02 -7.2370E-01  8.6450E-01 -4.3394E-01 -1.9276E-02 -4.0620E-01
  109.00  4.7275E+02 -7.1034E-01  8.6589E-01 -4.5895E-01 -2.0117E-02 -4.2942E-01
  110.00  4.7721E+02 -6.9716E-01  8.6752E-01 -4.8170E-01 -2.0342E-02 -4.5081E-01
  111.00  4.7964E+02 -6.8355E-01  8.6902E-01 -5.0299E-01 -1.9464E-02 -4.7085E-01
  112.00  4.7948E+02 -6.6872E-01  8.7000E-01 -5.2392E-01 -1.7689E-02 -4.9042E-01
  113.00  4.7798E+02 -6.5273E-01  8.7041E-01 -5.4474E-01 -1.5628E-02 -5.0993E-01
  114.00  4.7725E+02 -6.3650E-01  8.7060E-01 -5.6496E-01 -1.3603E-02 -5.2914E-01
  115.00  4.7778E+02 -6.2065E-01  8.7108E-01 -5.8428E-01 -1.1845E-02 -5.4771E-01
  116.00  4.7783E+02 -6.0467E-01  8.7202E-01 -6.0306E-01 -1.1081E-02 -5.6560E-01
  117.00  4.7576E+02 -5.8786E-01  8.7320E-01 -6.2165E-01 -1.2048E-02 -5.8300E-01
  118.00  4.7234E+02 -5.7077E-01  8.7443E-01 -6.3946E-01 -1.4330E-02 -5.9974E-01
  119.00  4.7042E+02 -5.5491E-01  8.7579E-01 -6.5551E-01 -1.6268E-02 -6.1519E-01
  120.00  4.7255E+02 -5.4080E-01  8.7747E-01 -6.6983E-01 -1.6260E-02 -6.2922E-01
  121.00  4.7862E+02 -5.2717E-01  8.7938E-01 -6.8364E-01 -1.3989E-02 -6.4257E-01
  122.00  4.8537E+02 -5.1243E-01  8.8107E-01 -6.9765E-01 -1.0507E-02 -6.5580E-01
  123.00  4.8926E+02 -4.9617E-01  8.8219E-01 -7.1134E-01 -7.6099E-03 -6.6860E-01
  124.00  4.9008E+02 -4.7903E-01  8.8283E-01 -7.2397E-01 -6.9073E-03 -6.8037E-01
  125.00  4.9057E+02 -4.6201E-01  8.8350E-01 -7.3560E-01 -8.5875E-03 -6.9111E-01
  126.00  4.9235E+02 -4.4586E-01  8.8445E-01 -7.4683E-01 -1.1095E-02 -7.0139E-01
  127.00  4.9426E+02 -4.3031E-01  8.8555E-01 -7.5823E-01 -1.2852E-02 -7.1180E-01
  128.00  4.9540E+02 -4.1424E-01  8.8664E-01 -7.6991E-01 -1.3814E-02 -7.2247E-01
  129.00  4.9744E+02 -3.9693E-01  8.8794E-01 -7.8139E-01 -1.4640E-02 -7.3306E-01
  130.00  5.0231E+02 -3.7895E-01  8.8975E-01 -7.9202E-01 -1.5269E-02 -7.4305E-01
  131.00  5.0909E+02 -3.6141E-01  8.9186E-01 -8.0155E-01 -1.5301E-02 -7.5212E-01
  132.00  5.1458E+02 -3.4513E-01  8.9365E-01 -8.1012E-01 -1.4863E-02 -7.6014E-01
  133.00  5.1631E+02 -3.3036E-01  8.9460E-01 -8.1790E-01 -1.4019E-02 -7.6698E-01
  134.00  5.1447E+02 -3.1659E-01  8.9482E-01 -8.2491E-01 -1.2118E-02 -7.7270E-01
  135.00  5.1117E+02 -3.0274E-01  8.9483E-01 -8.3132E-01 -8.7915E-03 -7.7777E-01
  136.00  5.0887E+02 -2.8801E-01  8.9508E-01 -8.3730E-01 -5.1678E-03 -7.8272E-01
  137.00  5.0930E+02 -2.7261E-01  8.9561E-01 -8.4300E-01 -3.4173E-03 -7.8777E-01
  138.00  5.1286E+02 -2.5717E-01  8.9631E-01 -8.4850E-01 -5.1860E-03 -7.9287E-01
  139.00  5.1826E+02 -2.4211E-01  8.9723E-01 -8.5387E-01 -1.0342E-02 -7.9789E-01
  140.00  5.2321E+02 -2.2766E-01  8.9851E-01 -8.5916E-01 -1.6476E-02 -8.0274E-01
  141.00  5.2615E+02 -2.1407E-01  9.0019E-01 -8.6428E-01 -1.9887E-02 -8.0731E-01
  142.00  5.2759E+02 -2.0160E-01  9.0210E-01 -8.6893E-01 -1.8404E-02 -8.1144E-01
  143.00  5.2984E+02 -1.9071E-01  9.0412E-01 -8.7268E-01 -1.3695E-02 -8.1512E-01
  144.00  5.3521E+02 -1.8167E-01  9.0625E-01 -8.7552E-01 -9.9359E-03 -8.1857E-01
  145.00  5.4402E+02 -1.7379E-01  9.0839E-01 -8.7805E-01 -1.0003E-02 -8.2215E-01
  146.00  5.5382E+02 -1.6561E-01  9.1013E-01 -8.8106E-01 -1.3587E-02 -8.2587E-01
  147.00  5.6125E+02 -1.5596E-01  9.1103E-01 -8.8483E-01 -1.8295E-02 -8.2943E-01
  148.00  5.6533E+02 -1.4440E-01  9.1123E-01 -8.8913E-01 -2.1274E-02 -8.3270E-01
  149.00  5.6805E+02 -1.3105E-01  9.1139E-01 -8.9342E-01 -2.0837E-02 -8.3577E-01
  150.00  5.7115E+02 -1.1688E-01  9.1189E-01 -8.9686E-01 -1.8189E-02 -8.3825E-01
  151.00  5.7339E+02 -1.0383E-01  9.1231E-01 -8.9871E-01 -1.6616E-02 -8.3921E-01
  152.00  5.7281E+02 -9.3770E-02  9.1218E-01 -8.9903E-01 -1.7655E-02 -8.3840E-01
  153.00  5.7127E+02 -8.7260E-02  9.1189E-01 -8.9901E-01 -1.9106E-02 -8.3722E-01
  154.00  5.7429E+02 -8.3739E-02  9.1244E-01 -9.0009E-01 -1.7811E-02 -8.3774E-01
  155.00  5.8510E+02 -8.1923E-02  9.1410E-01 -9.0254E-01 -1.3660E-02 -8.4046E-01
  156.00  6.0011E+02 -7.9703E-02  9.1605E-01 -9.0526E-01 -9.5245E-03 -8.4381E-01
  157.00  6.1184E+02 -7.4745E-02  9.1735E-01 -9.0719E-01 -7.9294E-03 -8.4604E-01
  158.00  6.1588E+02 -6.6225E-02  9.1775E-01 -9.0810E-01 -9.2360E-03 -8.4659E-01
  159.00  6.1382E+02 -5.5598E-02  9.1769E-01 -9.0828E-01 -1.1755E-02 -8.4596E-01
  160.00  6.1028E+02 -4.5001E-02  9.1785E-01 -9.0805E-01 -1.2472E-02 -8.4500E-01
  161.00  6.0937E+02 -3.5190E-02  9.1857E-01 -9.0785E-01 -9.1196E-03 -8.4451E-01
  162.00  6.1334E+02 -2.5695E-02  9.1968E-01 -9.0837E-01 -2.8478E-03 -8.4521E-01
  163.00  6.2160E+02 -1.6392E-02  9.2073E-01 -9.1003E-01  2.0428E-03 -8.4721E-01
  164.00  6.3019E+02 -8.1745E-03  9.2135E-01 -9.1236E-01  2.0483E-03 -8.4968E-01
  165.00  6.3533E+02 -2.6873E-03  9.2159E-01 -9.1426E-01 -2.6293E-03 -8.5142E-01
  166.00  6.3844E+02 -1.4799E-03  9.2184E-01 -9.1486E-01 -9.1497E-03 -8.5176E-01
  167.00  6.4408E+02 -4.0130E-03  9.2230E-01 -9.1405E-01 -1.4422E-02 -8.5072E-01
  168.00  6.5223E+02 -6.6228E-03  9.2236E-01 -9.1241E-01 -1.6212E-02 -8.4842E-01
  169.00  6.5716E+02 -5.4083E-03  9.2108E-01 -9.1071E-01 -1.3507E-02 -8.4481E-01
  170.00  6.5645E+02 -5.9461E-05  9.1841E-01 -9.0949E-01 -7.5454E-03 -8.4037E-01
  171.00  6.5689E+02  5.9171E-03  9.1573E-01 -9.0903E-01 -2.4512E-03 -8.3657E-01
  172.00  6.6855E+02  8.6339E-03  9.1469E-01 -9.0933E-01 -2.1425E-03 -8.3501E-01
  173.00  6.9472E+02  7.4383E-03  9.1558E-01 -9.1011E-01 -5.4001E-03 -8.3568E-01
  174.00  7.2952E+02  4.5788E-03  9.1693E-01 -9.1090E-01 -7.3418E-03 -8.3667E-01
  175.00  7.6443E+02  2.2988E-03  9.1683E-01 -9.1111E-01 -5.8671E-03 -8.3543E-01
  176.00  7.9668E+02  1.3715E-03  9.1431E-01 -9.1018E-01 -3.1410E-03 -8.3035E-01
  177.00  8.3065E+02  1.2669E-03  9.0997E-01 -9.0794E-01 -1.5232E-03 -8.2184E-01
  178.00  8.6927E+02  1.0113E-03  9.0558E-01 -9.0504E-01 -8.9043E-04 -8.1261E-01
  179.00  9.0411E+02  3.6677E-04  9.0269E-01 -9.0265E-01 -3.2205E-04 -8.0587E-01
  180.00  9.1862E+02  1.0273E-14  9.0174E-01 -9.0174E-01 -9.2023E-15 -8.0347E-01
 diffuse scattering matrix 
   theta     11          12          22          33          34          44     
    0.00  2.5232E+04 -9.5819E-08  9.9747E-01  9.9747E-01  9.6423E-07  9.9525E-01
    1.00  3.9407E+04 -1.3598E-04  9.9840E-01  9.9840E-01  7.7251E-04  9.9701E-01
    2.00  6.3883E+04 -5.0582E-04  9.9904E-01  9.9905E-01  1.0201E-03  9.9822E-01
    3.00  7.1700E+04 -1.1216E-03  9.9917E-01  9.9917E-01  7.0380E-04  9.9847E-01
    4.00  6.3150E+04 -2.2889E-03  9.9906E-01  9.9906E-01  9.6955E-04  9.9827E-01
    5.00  5.5852E+04 -4.7150E-03  9.9893E-01  9.9891E-01  3.4167E-03  9.9800E-01
    6.00  5.5285E+04 -7.9604E-03  9.9891E-01  9.9886E-01  7.0844E-03  9.9793E-01
    7.00  5.3550E+04 -1.0494E-02  9.9887E-01  9.9878E-01  9.9065E-03  9.9783E-01
    8.00  4.6545E+04 -1.1490E-02  9.9871E-01  9.9858E-01  1.1787E-02  9.9751E-01
    9.00  3.7968E+04 -1.1224E-02  9.9841E-01  9.9827E-01  1.2923E-02  9.9696E-01
   10.00  3.1535E+04 -1.1634E-02  9.9807E-01  9.9791E-01  1.3383E-02  9.9634E-01
   11.00  2.7396E+04 -1.4241E-02  9.9776E-01  9.9755E-01  1.3772E-02  9.9574E-01
   12.00  2.3960E+04 -1.8120E-02  9.9744E-01  9.9713E-01  1.4860E-02  9.9507E-01
   13.00  1.9987E+04 -2.1900E-02  9.9693E-01  9.9651E-01  1.6560E-02  9.9407E-01
   14.00  1.5776E+04 -2.5192E-02  9.9611E-01  9.9558E-01  1.7609E-02  9.9253E-01
   15.00  1.2706E+04 -2.8228E-02  9.9518E-01  9.9454E-01  1.6351E-02  9.9080E-01
   16.00  1.1287E+04 -3.1693E-02  9.9460E-01  9.9384E-01  1.3614E-02  9.8970E-01
   17.00  1.0544E+04 -3.5944E-02  9.9423E-01  9.9335E-01  1.2107E-02  9.8897E-01
   18.00  9.5171E+03 -4.0405E-02  9.9358E-01  9.9260E-01  1.1931E-02  9.8780E-01
   19.00  8.2606E+03 -4.4197E-02  9.9260E-01  9.9148E-01  1.1667E-02  9.8604E-01
   20.00  7.2247E+03 -4.7151E-02  9.9161E-01  9.9026E-01  1.1090E-02  9.8417E-01
   21.00  6.4919E+03 -5.0597E-02  9.9078E-01  9.8907E-01  1.1497E-02  9.8243E-01
   22.00  5.8679E+03 -5.6165E-02  9.8983E-01  9.8771E-01  1.3399E-02  9.8042E-01
   23.00  5.2700E+03 -6.4021E-02  9.8857E-01  9.8602E-01  1.5313E-02  9.7789E-01
   24.00  4.7801E+03 -7.2644E-02  9.8720E-01  9.8419E-01  1.4983E-02  9.7525E-01
   25.00  4.4460E+03 -8.0312E-02  9.8605E-01  9.8252E-01  1.1705E-02  9.7308E-01
   26.00  4.1944E+03 -8.6842E-02  9.8508E-01  9.8103E-01  7.3341E-03  9.7125E-01
   27.00  3.9415E+03 -9.3112E-02  9.8406E-01  9.7948E-01  4.2861E-03  9.6932E-01
   28.00  3.6852E+03 -9.9819E-02  9.8292E-01  9.7778E-01  3.2712E-03  9.6710E-01
   29.00  3.4547E+03 -1.0738E-01  9.8180E-01  9.7587E-01  2.9806E-03  9.6464E-01
   30.00  3.2438E+03 -1.1616E-01  9.8067E-01  9.7360E-01  1.9509E-03  9.6180E-01
   31.00  3.0349E+03 -1.2644E-01  9.7939E-01  9.7077E-01  3.9992E-04  9.5831E-01
   32.00  2.8440E+03 -1.3813E-01  9.7794E-01  9.6750E-01 -5.4954E-04  9.5429E-01
   33.00  2.7057E+03 -1.5037E-01  9.7657E-01  9.6422E-01 -7.3115E-04  9.5036E-01
   34.00  2.6283E+03 -1.6177E-01  9.7552E-01  9.6133E-01 -9.3961E-04  9.4708E-01
   35.00  2.5825E+03 -1.7166E-01  9.7476E-01  9.5884E-01 -1.3538E-03  9.4445E-01
   36.00  2.5289E+03 -1.8062E-01  9.7403E-01  9.5646E-01 -1.1014E-03  9.4199E-01
   37.00  2.4487E+03 -1.8971E-01  9.7314E-01  9.5386E-01  7.2875E-04  9.3923E-01
   38.00  2.3475E+03 -1.9944E-01  9.7202E-01  9.5086E-01  4.0512E-03  9.3597E-01
   39.00  2.2352E+03 -2.0977E-01  9.7060E-01  9.4726E-01  7.4390E-03  9.3202E-01
   40.00  2.1151E+03 -2.2081E-01  9.6875E-01  9.4286E-01  9.0288E-03  9.2707E-01
   41.00  1.9952E+03 -2.3278E-01  9.6649E-01  9.3762E-01  8.2050E-03  9.2103E-01
   42.00  1.8911E+03 -2.4540E-01  9.6414E-01  9.3193E-01  6.1665E-03  9.1440E-01
   43.00  1.8074E+03 -2.5796E-01  9.6197E-01  9.2621E-01  4.2956E-03  9.0781E-01
   44.00  1.7315E+03 -2.7028E-01  9.5989E-01  9.2037E-01  2.2050E-03  9.0126E-01
   45.00  1.6584E+03 -2.8305E-01  9.5778E-01  9.1412E-01 -1.4539E-03  8.9451E-01
   46.00  1.6012E+03 -2.9708E-01  9.5603E-01  9.0757E-01 -6.2107E-03  8.8778E-01
   47.00  1.5639E+03 -3.1245E-01  9.5489E-01  9.0092E-01 -9.1961E-03  8.8122E-01
   48.00  1.5238E+03 -3.2851E-01  9.5381E-01  8.9370E-01 -8.4095E-03  8.7405E-01
   49.00  1.4578E+03 -3.4432E-01  9.5206E-01  8.8543E-01 -5.0773E-03  8.6552E-01
   50.00  1.3750E+03 -3.5928E-01  9.4973E-01  8.7643E-01 -2.0894E-03  8.5616E-01
   51.00  1.3035E+03 -3.7369E-01  9.4758E-01  8.6751E-01 -1.1355E-03  8.4716E-01
   52.00  1.2559E+03 -3.8860E-01  9.4597E-01  8.5859E-01 -1.6104E-03  8.3849E-01
   53.00  1.2193E+03 -4.0447E-01  9.4434E-01  8.4867E-01 -2.5162E-03  8.2880E-01
   54.00  1.1778E+03 -4.2057E-01  9.4217E-01  8.3740E-01 -4.0213E-03  8.1751E-01
   55.00  1.1298E+03 -4.3600E-01  9.3967E-01  8.2571E-01 -6.0878E-03  8.0568E-01
   56.00  1.0849E+03 -4.5072E-01  9.3729E-01  8.1464E-01 -7.1364E-03  7.9443E-01
   57.00  1.0504E+03 -4.6524E-01  9.3503E-01  8.0414E-01 -5.6839E-03  7.8360E-01
   58.00  1.0272E+03 -4.7991E-01  9.3274E-01  7.9341E-01 -2.7744E-03  7.7235E-01
   59.00  1.0118E+03 -4.9480E-01  9.3058E-01  7.8190E-01 -1.1418E-03  7.6042E-01
   60.00  9.9758E+02 -5.1022E-01  9.2881E-01  7.6935E-01 -2.1433E-03  7.4791E-01
   61.00  9.7731E+02 -5.2653E-01  9.2727E-01  7.5551E-01 -4.7265E-03  7.3449E-01
   62.00  9.4940E+02 -5.4377E-01  9.2561E-01  7.4037E-01 -7.0288E-03  7.1975E-01
   63.00  9.2121E+02 -5.6156E-01  9.2383E-01  7.2446E-01 -7.8853E-03  7.0406E-01
   64.00  9.0116E+02 -5.7936E-01  9.2226E-01  7.0836E-01 -7.2213E-03  6.8823E-01
   65.00  8.8840E+02 -5.9665E-01  9.2088E-01  6.9200E-01 -6.0068E-03  6.7245E-01
   66.00  8.7376E+02 -6.1308E-01  9.1912E-01  6.7483E-01 -5.6342E-03  6.5596E-01
   67.00  8.5028E+02 -6.2856E-01  9.1652E-01  6.5640E-01 -6.6161E-03  6.3791E-01
   68.00  8.1945E+02 -6.4336E-01  9.1322E-01  6.3650E-01 -7.8836E-03  6.1801E-01
   69.00  7.8740E+02 -6.5781E-01  9.0982E-01  6.1518E-01 -7.9579E-03  5.9661E-01
   70.00  7.5929E+02 -6.7199E-01  9.0695E-01  5.9306E-01 -6.9725E-03  5.7470E-01
   71.00  7.3826E+02 -6.8576E-01  9.0496E-01  5.7143E-01 -6.6064E-03  5.5363E-01
   72.00  7.2534E+02 -6.9912E-01  9.0383E-01  5.5134E-01 -7.6996E-03  5.3424E-01
   73.00  7.1732E+02 -7.1227E-01  9.0304E-01  5.3222E-01 -9.1438E-03  5.1579E-01
   74.00  7.0763E+02 -7.2530E-01  9.0181E-01  5.1199E-01 -9.5725E-03  4.9620E-01
   75.00  6.9219E+02 -7.3819E-01  8.9972E-01  4.8869E-01 -8.8846E-03  4.7365E-01
   76.00  6.7307E+02 -7.5083E-01  8.9701E-01  4.6222E-01 -7.7574E-03  4.4810E-01
   77.00  6.5480E+02 -7.6284E-01  8.9431E-01  4.3452E-01 -6.7476E-03  4.2150E-01
   78.00  6.3915E+02 -7.7373E-01  8.9194E-01  4.0784E-01 -6.2591E-03  3.9602E-01
   79.00  6.2526E+02 -7.8352E-01  8.8974E-01  3.8262E-01 -6.5927E-03  3.7198E-01
   80.00  6.1302E+02 -7.9286E-01  8.8762E-01  3.5737E-01 -7.3744E-03  3.4777E-01
   81.00  6.0363E+02 -8.0229E-01  8.8578E-01  3.3048E-01 -7.3700E-03  3.2183E-01
   82.00  5.9711E+02 -8.1142E-01  8.8441E-01  3.0177E-01 -5.6686E-03  2.9424E-01
   83.00  5.9102E+02 -8.1927E-01  8.8313E-01  2.7244E-01 -3.0219E-03  2.6632E-01
   84.00  5.8228E+02 -8.2522E-01  8.8122E-01  2.4386E-01 -1.3234E-03  2.3920E-01
   85.00  5.7032E+02 -8.2966E-01  8.7847E-01  2.1652E-01 -1.6536E-03  2.1301E-01
   86.00  5.5818E+02 -8.3377E-01  8.7565E-01  1.8957E-01 -3.2684E-03  1.8678E-01
   87.00  5.4971E+02 -8.3864E-01  8.7398E-01  1.6120E-01 -4.5955E-03  1.5889E-01
   88.00  5.4552E+02 -8.4403E-01  8.7385E-01  1.3020E-01 -4.7845E-03  1.2854E-01
   89.00  5.4224E+02 -8.4841E-01  8.7431E-01  9.7258E-02 -4.0796E-03  9.6744E-02
   90.00  5.3651E+02 -8.5046E-01  8.7408E-01  6.4138E-02 -3.4290E-03  6.5277E-02
   91.00  5.2847E+02 -8.5025E-01  8.7272E-01  3.1953E-02 -4.1123E-03  3.4832E-02
   92.00  5.2057E+02 -8.4883E-01  8.7084E-01  5.6543E-04 -6.7824E-03  4.7741E-03
   93.00  5.1424E+02 -8.4686E-01  8.6931E-01 -3.0532E-02 -1.0436E-02 -2.5498E-02
   94.00  5.0926E+02 -8.4416E-01  8.6841E-01 -6.1279E-02 -1.3219E-02 -5.5543E-02
   95.00  5.0502E+02 -8.4037E-01  8.6781E-01 -9.1275E-02 -1.4408E-02 -8.4466E-02
   96.00  5.0077E+02 -8.3540E-01  8.6699E-01 -1.2066E-01 -1.4800E-02 -1.1214E-01
   97.00  4.9548E+02 -8.2930E-01  8.6584E-01 -1.5006E-01 -1.5188E-02 -1.3933E-01
   98.00  4.8921E+02 -8.2235E-01  8.6476E-01 -1.7926E-01 -1.5254E-02 -1.6635E-01
   99.00  4.8360E+02 -8.1515E-01  8.6427E-01 -2.0681E-01 -1.4201E-02 -1.9225E-01
  100.00  4.7962E+02 -8.0805E-01  8.6423E-01 -2.3175E-01 -1.2090E-02 -2.1611E-01
  101.00  4.7587E+02 -8.0044E-01  8.6398E-01 -2.5524E-01 -1.0147E-02 -2.3865E-01
  102.00  4.7072E+02 -7.9144E-01  8.6327E-01 -2.7935E-01 -9.6521E-03 -2.6164E-01
  103.00  4.6490E+02 -7.8127E-01  8.6263E-01 -3.0472E-01 -1.0820E-02 -2.8587E-01
  104.00  4.6045E+02 -7.7091E-01  8.6264E-01 -3.3043E-01 -1.2862E-02 -3.1058E-01
  105.00  4.5827E+02 -7.6055E-01  8.6309E-01 -3.5587E-01 -1.4861E-02 -3.3477E-01
  106.00  4.5810E+02 -7.4941E-01  8.6347E-01 -3.8162E-01 -1.6389E-02 -3.5861E-01
  107.00  4.5975E+02 -7.3690E-01  8.6378E-01 -4.0820E-01 -1.7521E-02 -3.8272E-01
  108.00  4.6307E+02 -7.2350E-01  8.6444E-01 -4.3463E-01 -1.8565E-02 -4.0673E-01
  109.00  4.6741E+02 -7.1012E-01  8.6568E-01 -4.5929E-01 -1.9560E-02 -4.2951E-01
  110.00  4.7151E+02 -6.9700E-01  8.6731E-01 -4.8171E-01 -2.0004E-02 -4.5058E-01
  111.00  4.7392E+02 -6.8338E-01  8.6890E-01 -5.0290E-01 -1.9387E-02 -4.7056E-01
  112.00  4.7392E+02 -6.6845E-01  8.6995E-01 -5.2395E-01 -1.7832E-02 -4.9030E-01
  113.00  4.7256E+02 -6.5230E-01  8.7036E-01 -5.4498E-01 -1.5848E-02 -5.1002E-01
  114.00  4.7190E+02 -6.3592E-01  8.7054E-01 -5.6541E-01 -1.3745E-02 -5.2941E-01
  115.00  4.7244E+02 -6.1999E-01  8.7102E-01 -5.8485E-01 -1.1865E-02 -5.4806E-01
  116.00  4.7248E+02 -6.0401E-01  8.7196E-01 -6.0359E-01 -1.1070E-02 -5.6591E-01
  117.00  4.7049E+02 -5.8733E-01  8.7312E-01 -6.2198E-01 -1.2153E-02 -5.8317E-01
  118.00  4.6734E+02 -5.7052E-01  8.7432E-01 -6.3960E-01 -1.4614E-02 -5.9976E-01
  119.00  4.6577E+02 -5.5498E-01  8.7567E-01 -6.5558E-01 -1.6590E-02 -6.1518E-01
  120.00  4.6818E+02 -5.4108E-01  8.7737E-01 -6.6997E-01 -1.6377E-02 -6.2926E-01
  121.00  4.7442E+02 -5.2747E-01  8.7934E-01 -6.8388E-01 -1.3824E-02 -6.4264E-01
  122.00  4.8127E+02 -5.1262E-01  8.8112E-01 -6.9794E-01 -1.0211E-02 -6.5587E-01
  123.00  4.8504E+02 -4.9620E-01  8.8227E-01 -7.1164E-01 -7.3342E-03 -6.6867E-01
  124.00  4.8532E+02 -4.7883E-01  8.8283E-01 -7.2430E-01 -6.6630E-03 -6.8048E-01
  125.00  4.8497E+02 -4.6148E-01  8.8332E-01 -7.3602E-01 -8.3755E-03 -6.9133E-01
  126.00  4.8606E+02 -4.4496E-01  8.8412E-01 -7.4737E-01 -1.1031E-02 -7.0175E-01
  127.00  4.8776E+02 -4.2923E-01  8.8514E-01 -7.5879E-01 -1.3027E-02 -7.1216E-01
  128.00  4.8904E+02 -4.1335E-01  8.8622E-01 -7.7030E-01 -1.4105E-02 -7.2263E-01
  129.00  4.9113E+02 -3.9648E-01  8.8751E-01 -7.8151E-01 -1.4733E-02 -7.3290E-01
  130.00  4.9573E+02 -3.7884E-01  8.8933E-01 -7.9191E-01 -1.4893E-02 -7.4262E-01
  131.00  5.0209E+02 -3.6139E-01  8.9149E-01 -8.0132E-01 -1.4419E-02 -7.5158E-01
  132.00  5.0746E+02 -3.4507E-01  8.9337E-01 -8.0986E-01 -1.3685E-02 -7.5962E-01
  133.00  5.0968E+02 -3.3026E-01  8.9446E-01 -8.1766E-01 -1.2876E-02 -7.6659E-01
  134.00  5.0871E+02 -3.1646E-01  8.9482E-01 -8.2477E-01 -1.1266E-02 -7.7254E-01
  135.00  5.0608E+02 -3.0255E-01  8.9497E-01 -8.3129E-01 -8.2375E-03 -7.7786E-01
  136.00  5.0378E+02 -2.8779E-01  8.9530E-01 -8.3735E-01 -4.7136E-03 -7.8297E-01
  137.00  5.0366E+02 -2.7238E-01  8.9581E-01 -8.4303E-01 -2.9163E-03 -7.8801E-01
  138.00  5.0666E+02 -2.5693E-01  8.9645E-01 -8.4843E-01 -4.7220E-03 -7.9295E-01
  139.00  5.1192E+02 -2.4194E-01  8.9730E-01 -8.5369E-01 -1.0083E-02 -7.9780E-01
  140.00  5.1704E+02 -2.2775E-01  8.9855E-01 -8.5888E-01 -1.6424E-02 -8.0251E-01
  141.00  5.2004E+02 -2.1447E-01  9.0016E-01 -8.6392E-01 -1.9869E-02 -8.0694E-01
  142.00  5.2130E+02 -2.0207E-01  9.0199E-01 -8.6853E-01 -1.8257E-02 -8.1096E-01
  143.00  5.2334E+02 -1.9093E-01  9.0394E-01 -8.7233E-01 -1.3362E-02 -8.1462E-01
  144.00  5.2865E+02 -1.8158E-01  9.0605E-01 -8.7529E-01 -9.4163E-03 -8.1820E-01
  145.00  5.3749E+02 -1.7364E-01  9.0821E-01 -8.7798E-01 -9.2615E-03 -8.2199E-01
  146.00  5.4736E+02 -1.6560E-01  9.0999E-01 -8.8116E-01 -1.2626E-02 -8.2594E-01
  147.00  5.5505E+02 -1.5603E-01  9.1097E-01 -8.8507E-01 -1.7308E-02 -8.2970E-01
  148.00  5.5961E+02 -1.4438E-01  9.1125E-01 -8.8944E-01 -2.0599E-02 -8.3308E-01
  149.00  5.6273E+02 -1.3091E-01  9.1146E-01 -8.9369E-01 -2.0665E-02 -8.3612E-01
  150.00  5.6579E+02 -1.1673E-01  9.1196E-01 -8.9699E-01 -1.8372E-02 -8.3841E-01
  151.00  5.6766E+02 -1.0383E-01  9.1239E-01 -8.9866E-01 -1.6839E-02 -8.3918E-01
  152.00  5.6678E+02 -9.3937E-02  9.1233E-01 -8.9887E-01 -1.7772E-02 -8.3833E-01
  153.00  5.6509E+02 -8.7474E-02  9.1215E-01 -8.9884E-01 -1.9240E-02 -8.3726E-01
  154.00  5.6779E+02 -8.3878E-02  9.1272E-01 -8.9996E-01 -1.8121E-02 -8.3787E-01
  155.00  5.7794E+02 -8.2151E-02  9.1430E-01 -9.0245E-01 -1.4057E-02 -8.4056E-01
  156.00  5.9225E+02 -8.0330E-02  9.1615E-01 -9.0526E-01 -9.7374E-03 -8.4386E-01
  157.00  6.0368E+02 -7.5750E-02  9.1740E-01 -9.0729E-01 -7.8797E-03 -8.4608E-01
  158.00  6.0807E+02 -6.7150E-02  9.1779E-01 -9.0827E-01 -9.1700E-03 -8.4667E-01
  159.00  6.0678E+02 -5.6001E-02  9.1775E-01 -9.0847E-01 -1.1894E-02 -8.4610E-01
  160.00  6.0393E+02 -4.4878E-02  9.1791E-01 -9.0824E-01 -1.2637E-02 -8.4517E-01
  161.00  6.0318E+02 -3.4874E-02  9.1858E-01 -9.0801E-01 -8.8595E-03 -8.4466E-01
  162.00  6.0685E+02 -2.5461E-02  9.1962E-01 -9.0846E-01 -1.9402E-03 -8.4525E-01
  163.00  6.1475E+02 -1.6285E-02  9.2061E-01 -9.0998E-01  3.3143E-03 -8.4707E-01
  164.00  6.2312E+02 -8.1254E-03  9.2121E-01 -9.1214E-01  3.1520E-03 -8.4934E-01
  165.00  6.2832E+02 -2.6260E-03  9.2140E-01 -9.1395E-01 -1.9611E-03 -8.5092E-01
  166.00  6.3184E+02 -1.3482E-03  9.2159E-01 -9.1458E-01 -8.7082E-03 -8.5123E-01
  167.00  6.3799E+02 -3.8318E-03  9.2202E-01 -9.1389E-01 -1.3837E-02 -8.5030E-01
  168.00  6.4604E+02 -6.6042E-03  9.2206E-01 -9.1231E-01 -1.5423E-02 -8.4806E-01
  169.00  6.4977E+02 -5.8458E-03  9.2076E-01 -9.1046E-01 -1.2742E-02 -8.4432E-01
  170.00  6.4717E+02 -9.9039E-04  9.1812E-01 -9.0896E-01 -6.9069E-03 -8.3964E-01
  171.00  6.4623E+02  4.8341E-03  9.1554E-01 -9.0829E-01 -1.8064E-03 -8.3575E-01
  172.00  6.5775E+02  7.8491E-03  9.1469E-01 -9.0866E-01 -1.4637E-03 -8.3443E-01
  173.00  6.8443E+02  7.2392E-03  9.1568E-01 -9.0967E-01 -4.9021E-03 -8.3541E-01
  174.00  7.1896E+02  5.0203E-03  9.1685E-01 -9.1054E-01 -7.2057E-03 -8.3628E-01
  175.00  7.5210E+02  3.2005E-03  9.1629E-01 -9.1050E-01 -6.0063E-03 -8.3433E-01
  176.00  7.8186E+02  2.3797E-03  9.1322E-01 -9.0911E-01 -3.3021E-03 -8.2824E-01
  177.00  8.1408E+02  2.0354E-03  9.0850E-01 -9.0652E-01 -1.5685E-03 -8.1899E-01
  178.00  8.5232E+02  1.3997E-03  9.0403E-01 -9.0351E-01 -8.6611E-04 -8.0955E-01
  179.00  8.8758E+02  4.6622E-04  9.0122E-01 -9.0118E-01 -3.0586E-04 -8.0293E-01
  180.00  9.0237E+02  1.2727E-14  9.0031E-01 -9.0031E-01 -8.7032E-15 -8.0063E-01
 azimuthal averaged scattering matrix expansion coefficients
    n       11          44          12          34         22p         22m
    0  1.0000E+00  6.7388E-01  0.0000E+00  0.0000E+00  0.0000E+00  0.0000E+00
    1  1.8345E+00  2.1576E+00  0.0000E+00  0.0000E+00  0.0000E+00  0.0000E+00
    2  2.5636E+00  2.5067E+00 -4.9739E-01 -5.0394E-03  3.4581E+00  3.9170E-01
    3  2.8305E+00  2.8403E+00 -1.8552E-01  6.0686E-03  3.2030E+00  5.4763E-02
    4  3.0817E+00  3.0577E+00 -9.9963E-02  5.4777E-03  3.3136E+00  3.1652E-02
    5  3.1945E+00  3.2070E+00 -7.4612E-02  1.4637E-02  3.3938E+00 -1.1832E-03
    6  3.2512E+00  3.2370E+00 -5.8449E-02  1.8300E-02  3.4046E+00  1.0490E-02
    7  3.1994E+00  3.2121E+00 -5.6447E-02  2.6527E-02  3.3435E+00 -5.0024E-03
    8  3.1146E+00  3.1029E+00 -4.3712E-02  2.6593E-02  3.2274E+00  7.7002E-03
    9  2.9495E+00  2.9533E+00 -3.9041E-02  3.3445E-02  3.0578E+00 -1.9507E-03
   10  2.7442E+00  2.7413E+00 -3.8623E-02  3.8786E-02  2.8388E+00  2.0031E-03
   11  2.4853E+00  2.4897E+00 -3.9663E-02  4.1648E-02  2.5741E+00 -1.4805E-03
   12  2.2133E+00  2.2014E+00 -3.9841E-02  4.4331E-02  2.2831E+00  6.1407E-03
   13  1.9064E+00  1.9214E+00 -5.1773E-02  4.5408E-02  1.9792E+00 -6.7602E-03
   14  1.6379E+00  1.6319E+00 -4.9089E-02  4.7605E-02  1.6883E+00  4.6527E-03
   15  1.3727E+00  1.3823E+00 -4.3728E-02  4.6168E-02  1.4215E+00 -3.7196E-03
   16  1.1526E+00  1.1375E+00 -3.1623E-02  4.2629E-02  1.1803E+00  7.7019E-03
   17  9.1415E-01  9.2554E-01 -3.4484E-02  3.9689E-02  9.5175E-01 -6.1176E-03
   18  7.0897E-01  7.0694E-01 -3.4029E-02  3.5439E-02  7.3447E-01  2.3464E-03
   19  5.0846E-01  5.0923E-01 -2.9376E-02  3.8299E-02  5.3137E-01  7.7778E-04
   20  3.3316E-01  3.2866E-01 -2.6174E-02  3.5782E-02  3.4936E-01  3.0340E-03
   21  1.6359E-01  1.7775E-01 -2.4898E-02  3.7013E-02  1.8570E-01 -5.9094E-03
   22  4.1405E-02  2.3941E-02 -1.6667E-02  3.8230E-02  4.4051E-02  9.2428E-03
   23 -9.8052E-02 -8.9882E-02 -1.7930E-02  3.7516E-02 -8.3908E-02 -4.8840E-03
   24 -2.0058E-01 -2.0585E-01 -2.6971E-02  3.0997E-02 -1.9540E-01  2.3076E-03
   25 -2.9425E-01 -2.8528E-01 -2.6126E-02  2.5672E-02 -2.8496E-01 -4.4052E-03
   26 -3.4394E-01 -3.5096E-01 -2.3693E-02  1.9450E-02 -3.4574E-01  4.2544E-03
   27 -3.8375E-01 -3.7804E-01 -1.6241E-02  1.4321E-02 -3.7994E-01 -2.0525E-03
   28 -3.9424E-01 -3.9441E-01 -1.2025E-02  9.7618E-03 -3.9487E-01  9.1142E-04
   29 -4.0318E-01 -4.0581E-01 -4.3122E-03  6.9368E-03 -4.0475E-01  1.3757E-03
   30 -4.1489E-01 -4.1974E-01 -1.0163E-02  8.6392E-03 -4.1724E-01  1.8789E-03
   31 -4.3255E-01 -4.2308E-01 -1.5659E-02  4.9874E-03 -4.2826E-01 -5.1055E-03
   32 -4.1984E-01 -4.3255E-01 -9.3837E-03  2.7096E-03 -4.2744E-01  6.4225E-03
   33 -4.1955E-01 -4.1146E-01 -1.6184E-02  2.7493E-03 -4.1713E-01 -4.1026E-03
   34 -3.8872E-01 -3.9336E-01 -1.3165E-02 -1.9461E-03 -3.9340E-01  2.5064E-03
   35 -3.5888E-01 -3.5418E-01 -1.4645E-02 -5.4185E-03 -3.5882E-01 -1.9149E-03
   36 -3.1167E-01 -3.1538E-01 -1.1389E-02 -2.6939E-03 -3.1675E-01  2.1068E-03
   37 -2.7265E-01 -2.6490E-01 -7.8853E-03 -4.1739E-03 -2.7143E-01 -3.7496E-03
   38 -2.2720E-01 -2.3208E-01  2.6708E-04  7.9264E-04 -2.3197E-01  2.7798E-03
   39 -2.0948E-01 -2.1095E-01  3.6340E-03  1.6787E-03 -2.1083E-01  8.3987E-04
   40 -2.0996E-01 -2.0572E-01 -1.3914E-03  9.4414E-04 -2.0810E-01 -1.9324E-03
   41 -2.1266E-01 -2.1968E-01 -1.2628E-03  1.7310E-04 -2.1594E-01  2.9607E-03
   42 -2.2996E-01 -2.1952E-01 -5.8046E-04 -5.4323E-03 -2.2467E-01 -5.3776E-03
   43 -2.2945E-01 -2.3967E-01  6.1543E-03 -5.9880E-03 -2.3452E-01  5.1425E-03
   44 -2.4661E-01 -2.4568E-01  6.3423E-03 -9.1289E-03 -2.4573E-01 -5.4336E-04
   45 -2.6082E-01 -2.5687E-01  5.8693E-04 -6.5009E-03 -2.5810E-01 -1.6920E-03
   46 -2.6127E-01 -2.6394E-01  9.8308E-04 -9.2033E-03 -2.6329E-01  1.4968E-03
   47 -2.6003E-01 -2.5822E-01  4.0168E-03 -1.0714E-02 -2.5950E-01 -7.8404E-04
   48 -2.5106E-01 -2.5277E-01  6.5919E-03 -1.1573E-02 -2.5248E-01  8.7351E-04
   49 -2.4712E-01 -2.4814E-01  6.1324E-03 -1.1328E-02 -2.4762E-01  1.8228E-04
   50 -2.4476E-01 -2.4256E-01  1.2751E-03 -1.3666E-02 -2.4416E-01 -9.9819E-04
   51 -2.3277E-01 -2.3059E-01  3.2750E-03 -9.1783E-03 -2.3238E-01 -7.4478E-04
   52 -2.0808E-01 -2.1108E-01  9.3037E-03 -1.0333E-02 -2.1075E-01  1.5756E-03
   53 -1.8546E-01 -1.8780E-01  1.4937E-02 -8.2726E-03 -1.8774E-01  8.0322E-04
   54 -1.7051E-01 -1.6854E-01  1.1346E-02 -7.5010E-03 -1.7020E-01 -1.2096E-03
   55 -1.5742E-01 -1.5795E-01  1.0571E-02 -1.2165E-02 -1.5828E-01  4.0995E-04
   56 -1.4515E-01 -1.4531E-01  1.0578E-02 -9.3483E-03 -1.4579E-01  4.0018E-05
   57 -1.3007E-01 -1.3075E-01  9.4998E-03 -1.0484E-02 -1.3083E-01  2.1242E-04
   58 -1.1526E-01 -1.1046E-01  1.2405E-02 -6.6431E-03 -1.1344E-01 -2.4184E-03
   59 -9.6880E-02 -1.0267E-01  1.8235E-02 -7.8525E-03 -1.0044E-01  2.6290E-03
   60 -1.0081E-01 -1.0147E-01  1.8692E-02 -7.5519E-03 -1.0075E-01 -2.1465E-05
   61 -1.1893E-01 -1.1956E-01  1.4505E-02 -6.0502E-03 -1.1850E-01 -1.3877E-04
   62 -1.4879E-01 -1.5095E-01  8.9907E-03 -4.9158E-03 -1.4871E-01  6.9339E-04
   63 -1.9074E-01 -1.8356E-01  3.7499E-03 -3.1157E-03 -1.8611E-01 -3.5360E-03
   64 -2.2453E-01 -2.3018E-01  6.5409E-03 -2.5144E-03 -2.2600E-01  2.9580E-03
   65 -2.7409E-01 -2.7260E-01  4.7761E-03 -7.4201E-04 -2.7195E-01 -9.3949E-04
   66 -3.2389E-01 -3.2591E-01  1.4884E-03  1.8627E-03 -3.2340E-01  7.2829E-04
   67 -3.8233E-01 -3.7922E-01 -2.0903E-04  3.6493E-03 -3.7929E-01 -1.6985E-03
   68 -4.3823E-01 -4.4249E-01 -6.6263E-04  6.8567E-03 -4.3860E-01  2.0572E-03
   69 -5.0445E-01 -5.0206E-01 -5.6048E-03  8.8151E-03 -5.0158E-01 -1.2354E-03
   70 -5.6285E-01 -5.6273E-01 -8.8599E-03  9.1788E-03 -5.6157E-01  9.6945E-06
   71 -6.1520E-01 -6.1490E-01 -9.1123E-03  7.8478E-03 -6.1395E-01 -2.1520E-04
   72 -6.5809E-01 -6.5829E-01 -9.5058E-03  6.9651E-03 -6.5736E-01 -8.5437E-05
   73 -6.9159E-01 -6.9118E-01 -8.3090E-03  5.5151E-03 -6.9088E-01 -3.6909E-04
   74 -7.1377E-01 -7.1619E-01 -7.7209E-03  5.2985E-03 -7.1475E-01  9.5889E-04
   75 -7.3111E-01 -7.2822E-01 -8.7769E-03  5.0414E-03 -7.2960E-01 -1.5408E-03
   76 -7.3258E-01 -7.3433E-01 -8.7207E-03  5.0200E-03 -7.3374E-01  9.3442E-04
   77 -7.2653E-01 -7.2571E-01 -7.8651E-03  4.8953E-03 -7.2674E-01 -5.0019E-04
   78 -7.0838E-01 -7.0874E-01 -7.9484E-03  4.2807E-03 -7.0934E-01  4.4889E-05
   79 -6.8117E-01 -6.8085E-01 -7.6835E-03  3.8169E-03 -6.8200E-01 -2.1494E-04
   80 -6.4460E-01 -6.4410E-01 -5.6518E-03  3.1703E-03 -6.4558E-01 -2.1560E-04
   81 -6.0243E-01 -6.0295E-01 -2.4696E-03  2.7874E-03 -6.0390E-01  3.1604E-04
   82 -5.6163E-01 -5.6195E-01 -4.9419E-04  2.7947E-03 -5.6292E-01  2.2690E-04
   83 -5.2548E-01 -5.2595E-01 -7.2180E-04  3.2868E-03 -5.2665E-01  2.8012E-04
   84 -4.9476E-01 -4.9372E-01 -1.3611E-03  3.3963E-03 -4.9505E-01 -5.0526E-04
   85 -4.6523E-01 -4.6619E-01 -1.3572E-03  3.4319E-03 -4.6652E-01  4.9278E-04
   86 -4.3946E-01 -4.3862E-01 -1.3649E-03  2.6529E-03 -4.3974E-01 -3.7923E-04
   87 -4.1344E-01 -4.1360E-01 -5.9578E-04  2.8029E-03 -4.1421E-01  1.1845E-04
   88 -3.8950E-01 -3.8981E-01  2.2511E-04  2.7354E-03 -3.9028E-01  1.9135E-04
   89 -3.6830E-01 -3.6815E-01  5.1232E-04  3.1928E-03 -3.6875E-01 -5.1858E-05
   90 -3.4902E-01 -3.4917E-01  8.3426E-05  2.8772E-03 -3.4957E-01  1.0777E-04
   91 -3.3137E-01 -3.3090E-01 -8.4614E-05  3.1210E-03 -3.3161E-01 -2.0396E-04
   92 -3.1315E-01 -3.1332E-01  3.2864E-04  2.8960E-03 -3.1370E-01  9.0123E-05
   93 -2.9496E-01 -2.9516E-01  6.4951E-04  2.7154E-03 -2.9551E-01  7.3577E-05
   94 -2.7628E-01 -2.7645E-01  5.0578E-04  2.6399E-03 -2.7684E-01  7.1107E-05
   95 -2.5707E-01 -2.5648E-01  4.0462E-04  2.2671E-03 -2.5724E-01 -2.8446E-04
   96 -2.3602E-01 -2.3643E-01  1.1076E-03  2.0077E-03 -2.3670E-01  1.9815E-04
   97 -2.1547E-01 -2.1549E-01  1.2157E-03  1.7393E-03 -2.1596E-01 -9.6233E-06
   98 -1.9503E-01 -1.9498E-01  1.2155E-03  1.3281E-03 -1.9546E-01 -2.6357E-05
   99 -1.7501E-01 -1.7496E-01  1.3118E-03  1.1400E-03 -1.7542E-01 -3.0125E-05
  100 -1.5551E-01 -1.5570E-01  1.3422E-03  9.0431E-04 -1.5601E-01  9.0178E-05
  101 -1.3704E-01 -1.3689E-01  1.3089E-03  7.3972E-04 -1.3735E-01 -8.1577E-05
  102 -1.1905E-01 -1.1908E-01  1.3163E-03  5.8028E-04 -1.1943E-01  1.2031E-05
  103 -1.0201E-01 -1.0208E-01  1.3979E-03  4.6003E-04 -1.0239E-01  3.4683E-05
  104 -8.6162E-02 -8.6077E-02  1.3848E-03  3.9402E-04 -8.6429E-02 -3.9070E-05
  105 -7.1485E-02 -7.1514E-02  1.3744E-03  2.9919E-04 -7.1776E-02  1.7592E-05
  106 -5.8328E-02 -5.8348E-02  1.3767E-03  2.0810E-04 -5.8582E-02  1.1250E-05
  107 -4.6787E-02 -4.6787E-02  1.2988E-03  1.2837E-04 -4.6993E-02  3.0356E-08
  108 -3.6886E-02 -3.6889E-02  1.1654E-03  8.5835E-05 -3.7063E-02  6.9366E-07
  109 -2.8552E-02 -2.8553E-02  1.0181E-03  3.5468E-05 -2.8695E-02  1.7393E-07
  110 -2.1651E-02 -2.1642E-02  8.9266E-04  5.0127E-07 -2.1763E-02 -4.5288E-06
  111 -1.6045E-02 -1.6046E-02  7.5090E-04 -1.5398E-05 -1.6138E-02 -5.5583E-07
  112 -1.1618E-02 -1.1605E-02  6.2925E-04 -2.2008E-05 -1.1682E-02 -8.0965E-06
  113 -8.1858E-03 -8.1923E-03  5.0971E-04 -2.4747E-05 -8.2422E-03  2.0715E-06
  114 -5.6283E-03 -5.6219E-03  3.9845E-04 -2.4785E-05 -5.6640E-03 -4.2247E-06
  115 -3.7661E-03 -3.7570E-03  2.9494E-04 -2.1124E-05 -3.7892E-03 -5.4491E-06
  116 -2.4459E-03 -2.4426E-03  2.1518E-04 -1.6994E-05 -2.4632E-03 -2.3873E-06
  117 -1.5398E-03 -1.5356E-03  1.5360E-04 -1.2954E-05 -1.5505E-03 -2.7120E-06
  118 -9.3480E-04 -9.3245E-04  1.0645E-04 -8.9411E-06 -9.4177E-04 -1.6687E-06
  119 -5.4742E-04 -5.4434E-04  7.0478E-05 -6.5636E-06 -5.5101E-04 -1.8732E-06
  120 -3.0748E-04 -3.0581E-04  4.5409E-05 -4.0778E-06 -3.0964E-04 -1.0219E-06
  121 -1.6581E-04 -1.6473E-04  2.8153E-05 -2.4899E-06 -1.6703E-04 -6.3206E-07
  122 -8.6449E-05 -8.5088E-05  1.6303E-05 -1.4217E-06 -8.6705E-05 -7.4002E-07
  123 -4.3038E-05 -4.2957E-05  9.1089E-06 -8.4133E-07 -4.3471E-05 -9.9633E-08
  124 -2.1302E-05 -2.0374E-05  4.8855E-06 -5.1934E-07 -2.1071E-05 -4.9235E-07
  125 -9.8665E-06 -9.9770E-06  2.6485E-06 -1.8153E-07 -1.0050E-05  6.2384E-08
  126 -5.0646E-06 -5.0152E-06  1.1754E-06  1.1074E-07 -5.0859E-06 -2.1863E-08
  127 -3.3189E-06 -2.7798E-06  1.5330E-07  1.0602E-07 -3.0661E-06 -2.7381E-07
  128 -1.9357E-06 -2.1483E-06  7.2919E-08  7.3604E-08 -2.0502E-06  1.0524E-07
  129 -1.3626E-06 -1.3546E-06  1.4601E-07  7.7648E-10 -1.3678E-06 -6.2853E-09
  130 -9.3104E-07 -9.4872E-07  4.0053E-08 -1.2535E-08 -9.4667E-07  5.4308E-09
  131 -6.7816E-07 -6.3446E-07 -9.6548E-09 -1.9904E-08 -6.6031E-07 -2.3572E-08
  132 -4.0444E-07 -3.9502E-07  5.5346E-09 -1.0044E-08 -4.0313E-07 -3.8269E-09
  133 -1.6600E-07 -1.8295E-07  4.8062E-08 -8.8107E-09 -1.7746E-07  9.8784E-09
  134 -1.1856E-08 -3.3525E-08  5.9522E-08 -1.2363E-08 -2.4254E-08  1.1406E-08
  135  3.7821E-08  4.9130E-08  2.8645E-08 -6.4902E-09  4.2771E-08 -5.9043E-09
  136  4.5280E-08  5.6071E-08  3.8316E-09  2.4201E-10  5.0858E-08 -5.7172E-09
  137  4.0554E-08  3.5380E-08  9.0659E-10  1.8436E-09  3.8405E-08  2.4351E-09
  138  2.1219E-08  2.0314E-08 -1.2246E-09  7.1013E-10  2.1026E-08  3.4545E-10
  139  5.8731E-09  8.6487E-09 -4.2409E-09  6.1145E-10  7.3579E-09 -1.4114E-09
  140  1.1396E-09  1.1169E-09 -2.6919E-09  4.6267E-10  1.1279E-09  6.4674E-11
  141  1.6625E-13 -9.3564E-10 -6.2647E-10  3.8870E-10 -4.4808E-10  5.0488E-10
  142 -4.1880E-10 -3.9066E-10  1.6341E-10 -3.6593E-10 -3.9096E-10 -1.5517E-12
  143 -3.7977E-10 -2.1743E-10 -4.2882E-10  1.0452E-10 -2.9956E-10 -8.2878E-11
  144 -7.4630E-11 -1.7614E-10  3.6136E-10 -6.6014E-10 -1.3503E-10  5.8744E-11
  145 -8.8598E-11 -1.1233E-10  1.0349E-12 -3.7783E-11 -9.3350E-11  1.1554E-11
  146 -2.1466E-10 -1.0239E-10  5.0409E-11 -7.0355E-12 -1.5364E-10 -6.3158E-11
  147  1.0298E-11 -5.1138E-11  8.1805E-11 -5.1300E-11 -2.4006E-11  3.1366E-11
  148  1.1783E-11  2.9162E-11  8.9523E-11  4.1255E-12  1.9688E-11 -5.1255E-12
  149  1.6913E-11  4.6331E-11 -4.1286E-12 -9.3911E-12  3.2145E-11 -1.4736E-11
  150  4.4567E-12  8.8359E-12  2.3574E-11  6.0504E-11  6.2733E-12 -3.2500E-12
  151  6.7245E-12 -5.5951E-13 -2.1078E-12  1.6205E-11  3.2261E-12  3.7327E-12
  152 -4.8547E-12 -5.7983E-12  6.1461E-12  3.2926E-11 -5.6611E-12  1.6686E-13
  153 -3.4791E-12 -1.9941E-12 -3.2827E-12  4.6634E-12 -2.6855E-12 -8.1680E-13
  154 -1.2657E-12 -8.1214E-13 -1.0958E-12  8.9380E-12 -1.2282E-12 -1.8291E-13
  155  5.8386E-13  3.0928E-13 -1.8194E-12  9.4061E-13  5.2261E-13  1.5368E-13
  156  3.1152E-13 -5.1501E-13 -2.5258E-14 -1.7146E-13 -9.0435E-14  4.3301E-13
  157 -9.3572E-16 -9.9533E-14 -3.3411E-13 -7.6689E-14 -4.7315E-14  4.6726E-14
  158 -2.4852E-13 -6.8873E-14  1.9564E-13 -1.5592E-12 -1.6413E-13 -8.5404E-14
  159  2.5735E-14  7.7692E-15 -3.3249E-14 -8.6424E-15  1.9071E-14  9.3361E-15
  160 -2.4832E-14 -3.0053E-14  1.8059E-13 -1.8312E-13 -2.7744E-14  2.3565E-15
